Date,Close,Volume,Open,High,Low,Foreign Buy,Foreign Sell,Foreign Value
21/03/2025,4.90,0,4.90,4.90,4.90,0,0,0
20/03/2025,4.90,0,4.90,4.90,4.90,0,0,0
19/03/2025,4.90,0,4.90,4.90,4.90,0,0,0
18/03/2025,4.90,"6,900",5,5,4.90,0,0,0
17/03/2025,5,"3,500",5,5.10,4.90,0,0,0
14/03/2025,4.90,"4,700",4.60,5,4.50,0,0,0
13/03/2025,4.90,"1,400",4.90,5,4.90,0,0,0
12/03/2025,4.80,"1,500",5,5,4.80,0,0,0
11/03/2025,5,"16,800",4.70,5,4.40,0,0,0
10/03/2025,4.70,"16,100",5,5,4.50,0,0,0
07/03/2025,5,"19,500",5.40,5.40,5,0,0,0
06/03/2025,5.50,100,5.50,5.50,5.50,0,0,0
05/03/2025,5.30,"1,700",5.80,5.80,5.30,0,0,0
04/03/2025,5.70,"10,600",5.30,5.70,5.30,0,0,0
03/03/2025,5.20,800,5.20,5.20,4.70,0,0,0
28/02/2025,5.10,"3,600",5,5.10,5,0,0,0
27/02/2025,5.10,100,5.10,5.10,5.10,0,0,0
26/02/2025,5.60,"9,100",5.30,5.70,5.20,0,0,0
25/02/2025,5.70,"13,000",5.60,5.70,5.30,0,0,0
24/02/2025,5.80,"9,700",5.70,6,5.50,0,0,0
21/02/2025,5.50,"16,400",5,5.50,5,0,0,0
20/02/2025,5,"1,600",4.80,5,4.80,0,0,0
19/02/2025,4.80,700,4.80,4.80,4.80,0,0,0
18/02/2025,4.90,400,4.50,4.90,4.50,0,0,0
17/02/2025,5,0,5,5,5,0,0,0
14/02/2025,5,600,5,5,5,0,0,0
13/02/2025,5,0,5,5,5,0,0,0
12/02/2025,5,600,5,5,5,0,0,0
11/02/2025,5,0,5,5,5,0,0,0
10/02/2025,5,500,5,5,5,0,0,0
07/02/2025,5,0,5,5,5,0,0,0
06/02/2025,5,510,5,5,5,0,0,0
05/02/2025,5,"4,500",5,5,5,0,0,0
04/02/2025,4.90,"3,000",4.90,4.90,4.80,0,0,0
03/02/2025,4.70,200,4.80,4.80,4.70,0,0,0
24/01/2025,4.90,"2,000",4.90,4.90,4.90,0,0,0
23/01/2025,4.90,"1,000",4.90,4.90,4.90,0,0,0
22/01/2025,4.90,0,4.90,4.90,4.90,0,0,0
21/01/2025,4.90,0,4.90,4.90,4.90,0,0,0
20/01/2025,4.90,"3,800",4.90,4.90,4.80,0,0,0
17/01/2025,4.80,"1,800",4.80,4.80,4.80,0,0,0
16/01/2025,4.80,"3,500",4.80,4.80,4.80,0,0,0
15/01/2025,4.80,"6,500",4.80,4.90,4.80,0,0,0
14/01/2025,4.80,0,4.80,4.80,4.80,0,0,0
13/01/2025,4.80,"7,000",4.90,4.90,4.80,0,0,0
10/01/2025,4.90,"1,500",4.90,4.90,4.90,0,0,0
09/01/2025,4.80,"12,500",4.90,4.90,4.80,0,0,0
08/01/2025,4.80,"4,400",4.70,5,4.70,0,0,0
07/01/2025,4.70,"2,000",4.70,4.70,4.70,0,0,0
06/01/2025,4.70,"8,700",4.70,4.70,4.70,0,0,0
03/01/2025,4.70,"2,100",4.70,4.70,4.70,0,0,0
02/01/2025,4.70,0,4.70,4.70,4.70,0,0,0
31/12/2024,4.70,0,4.70,4.70,4.70,0,0,0
30/12/2024,4.70,0,4.70,4.70,4.70,0,0,0
27/12/2024,4.70,"4,000",4.70,4.80,4.70,0,0,0
26/12/2024,4.90,"12,800",4.70,4.90,4.70,0,0,0
25/12/2024,4.70,"14,600",4.70,4.70,4.70,0,0,0
24/12/2024,4.70,"7,200",4.70,4.70,4.70,0,0,0
23/12/2024,4.70,501,4.70,4.70,4.70,0,0,0
20/12/2024,4.70,"7,000",4.70,4.90,4.70,0,0,0
19/12/2024,4.70,"4,500",4.70,4.70,4.70,0,0,0
18/12/2024,4.70,"4,000",4.70,4.70,4.70,0,0,0
17/12/2024,4.70,"13,800",4.60,4.80,4.60,0,0,0
16/12/2024,4.90,"5,600",4.40,4.90,4.40,0,0,0
13/12/2024,4.70,0,4.70,4.70,4.70,0,0,0
12/12/2024,4.70,"8,600",4.70,4.70,4.70,0,0,0
11/12/2024,4.70,"15,500",4.60,4.70,4.60,0,0,0
10/12/2024,4.90,"4,900",4.80,4.90,4.80,0,0,0
09/12/2024,4.50,400,4.30,4.50,4.30,0,0,0
06/12/2024,4.50,300,4.50,4.50,4.50,0,0,0
05/12/2024,4.60,800,4.60,4.60,4.60,0,0,0
04/12/2024,5,"1,200",4.50,5,4.50,0,0,0
03/12/2024,5,0,5,5,5,0,0,0
02/12/2024,5,0,5,5,5,0,0,0
29/11/2024,5,936,4.90,5,4.90,0,0,0
28/11/2024,5.40,0,5.40,5.40,5.40,0,0,0
27/11/2024,5.40,"6,200",5.10,5.40,5.10,0,0,0
26/11/2024,5.10,"6,000",5.10,5.10,5.10,0,0,0
25/11/2024,4.80,0,4.80,4.80,4.80,0,0,0
22/11/2024,4.80,0,4.80,4.80,4.80,0,0,0
21/11/2024,4.80,7,4.80,4.80,4.80,0,0,0
20/11/2024,4.80,"14,800",5,5,4.80,0,0,0
19/11/2024,4.70,"11,100",4.80,4.80,4.70,0,0,0
18/11/2024,4.70,0,4.70,4.70,4.70,0,0,0
15/11/2024,4.70,"4,800",4.70,4.70,4.60,0,0,0
14/11/2024,4.60,0,4.60,4.60,4.60,0,0,0
13/11/2024,4.60,0,4.60,4.60,4.60,0,0,0
12/11/2024,4.60,0,4.60,4.60,4.60,0,0,0
11/11/2024,4.60,0,4.60,4.60,4.60,0,0,0
08/11/2024,4.60,100,4.60,4.60,4.60,0,0,0
07/11/2024,4.90,1,4.90,4.90,4.90,0,0,0
06/11/2024,4.90,"3,001",4.90,4.90,4.90,0,0,0
05/11/2024,4.80,"1,200",4.70,4.80,4.70,0,0,0
04/11/2024,4.70,"2,000",4.70,4.70,4.70,0,0,0
01/11/2024,4.70,"2,000",4.70,4.70,4.70,0,0,0
31/10/2024,4.90,"1,000",4.90,4.90,4.90,0,0,0
30/10/2024,4.90,"4,700",4.90,4.90,4.70,0,0,0
29/10/2024,5,"1,006",5,5,5,0,0,0
28/10/2024,5,102,5,5,5,0,0,0
25/10/2024,4.70,"3,101",4.80,5,4.70,0,0,0
24/10/2024,5.20,"7,302",4.70,5.20,4.70,0,0,0
23/10/2024,5,"13,900",4.70,5,4.70,0,0,0
22/10/2024,4.70,"23,000",4.70,4.70,4.60,0,0,0
21/10/2024,4.70,"10,100",4.80,4.90,4.70,0,0,0
18/10/2024,4.90,"20,100",4.70,4.90,4.70,0,0,0
17/10/2024,4.70,"23,300",4.80,4.80,4.70,0,0,0
16/10/2024,4.80,"10,500",4.70,4.80,4.70,0,0,0
15/10/2024,4.70,"7,500",4.70,5,4.70,0,0,0
14/10/2024,4.70,"3,600",4.70,4.70,4.70,0,0,0
11/10/2024,4.80,"7,200",4.60,4.80,4.60,0,0,0
10/10/2024,4.70,"3,600",4.70,4.70,4.70,0,0,0
09/10/2024,4.80,"11,602",4.80,4.90,4.60,0,0,0
08/10/2024,4.80,"14,000",4.60,4.80,4.60,0,0,0
07/10/2024,4.70,100,4.70,4.70,4.70,0,0,0
04/10/2024,4.90,"16,100",4.70,4.90,4.60,0,0,0
03/10/2024,4.60,"15,202",4.70,4.70,4.60,0,0,0
02/10/2024,4.70,"10,000",4.60,4.80,4.60,0,0,0
01/10/2024,4.80,"12,810",4.70,4.90,4.70,0,0,0
30/09/2024,4.80,"17,400",4.80,5,4.70,0,0,0
27/09/2024,5.10,"10,012",5.20,5.20,5,0,0,0
26/09/2024,5,"21,500",5.40,5.40,5,0,0,0
25/09/2024,5.30,"13,700",5.50,5.50,5,0,0,0
24/09/2024,5.20,"12,312",5.20,5.70,5.20,0,0,0
23/09/2024,5.20,"29,100",5.20,5.20,5.20,0,0,0
20/09/2024,4.80,"21,103",4.90,5,4.80,0,0,0
19/09/2024,5.30,"9,287",5.60,5.60,4.80,0,0,0
18/09/2024,5.30,"20,612",5.10,5.30,4.90,0,0,0
17/09/2024,5.40,"9,202",5.20,5.50,4.80,0,0,0
16/09/2024,5.20,"44,703",5.10,5.20,4.60,0,0,0
13/09/2024,5.10,"9,900",4.80,5.10,4.80,0,0,0
12/09/2024,5,"18,600",4.60,5,4.60,0,0,0
11/09/2024,4.90,"20,800",4.50,4.90,4.50,0,0,0
10/09/2024,4.80,"36,395",5.70,5.70,4.80,0,0,0
09/09/2024,5.30,"28,853",4.60,5.30,4.50,0,0,0
06/09/2024,4.90,"51,349",5,5.10,4.90,0,0,0
05/09/2024,5.40,"15,610",6.30,6.30,5.40,0,0,0
04/09/2024,5.90,"13,991",6.30,6.70,5.90,0,0,0
30/08/2024,6.30,"57,400",6.20,6.30,6.20,0,0,0
29/08/2024,5.80,"44,404",5.80,5.80,5.50,0,0,0
28/08/2024,5.30,"8,062",5.30,5.30,5.20,0,0,0
27/08/2024,4.90,"15,004",4.90,4.90,4.50,0,0,0
26/08/2024,4.50,"22,200",4,4.50,4,0,0,0
23/08/2024,4.10,"3,600",3.90,4.10,3.90,0,0,0
22/08/2024,3.80,"39,501",3.70,3.80,3.70,0,0,0
21/08/2024,3.50,5,3.50,3.50,3.50,0,0,0
20/08/2024,3.50,2,3.50,3.50,3.50,0,0,0
19/08/2024,3.50,0,3.50,3.50,3.50,0,0,0
16/08/2024,3.50,100,3.50,3.50,3.50,0,0,0
15/08/2024,3.40,0,3.40,3.40,3.40,0,0,0
14/08/2024,3.40,"1,100",3.40,3.40,3.40,0,0,0
13/08/2024,3.40,0,3.40,3.40,3.40,0,0,0
12/08/2024,3.40,2,3.40,3.40,3.40,0,0,0
09/08/2024,3.40,100,3.40,3.40,3.40,0,0,0
08/08/2024,3.60,0,3.60,3.60,3.60,0,0,0
07/08/2024,3.60,100,3.60,3.60,3.60,0,0,0
06/08/2024,3.80,3,3.80,3.80,3.80,0,0,0
05/08/2024,3.80,100,3.80,3.80,3.80,0,0,0
02/08/2024,3.60,0,3.60,3.60,3.60,0,0,0
01/08/2024,3.60,400,3.80,3.80,3.60,0,0,0
31/07/2024,3.50,100,3.50,3.50,3.50,0,0,0
30/07/2024,3.60,100,3.60,3.60,3.60,0,0,0
29/07/2024,3.70,0,3.70,3.70,3.70,0,0,0
26/07/2024,3.70,0,3.70,3.70,3.70,0,0,0
25/07/2024,3.70,0,3.70,3.70,3.70,0,0,0
24/07/2024,3.70,0,3.70,3.70,3.70,0,0,0
23/07/2024,3.70,0,3.70,3.70,3.70,0,0,0
22/07/2024,3.70,0,3.70,3.70,3.70,0,0,0
19/07/2024,3.70,"1,000",3.70,3.70,3.70,0,0,0
18/07/2024,3.90,0,3.90,3.90,3.90,0,0,0
17/07/2024,3.90,0,3.90,3.90,3.90,0,0,0
16/07/2024,3.90,100,3.90,3.90,3.90,0,0,0
15/07/2024,3.90,400,3.90,3.90,3.90,0,0,0
12/07/2024,3.80,"1,500",3.80,3.80,3.80,0,0,0
11/07/2024,3.80,900,3.80,3.80,3.80,0,0,0
10/07/2024,3.80,0,3.80,3.80,3.80,0,0,0
09/07/2024,3.80,"1,000",3.80,3.80,3.80,0,0,0
08/07/2024,3.80,0,3.80,3.80,3.80,0,0,0
05/07/2024,3.80,0,3.80,3.80,3.80,0,0,0
04/07/2024,3.80,0,3.80,3.80,3.80,0,0,0
03/07/2024,3.80,0,3.80,3.80,3.80,0,0,0
02/07/2024,3.80,0,3.80,3.80,3.80,0,0,0
01/07/2024,3.80,0,3.80,3.80,3.80,0,0,0
28/06/2024,3.80,700,3.80,3.80,3.80,0,0,0
27/06/2024,3.80,0,3.80,3.80,3.80,0,0,0
26/06/2024,3.80,416,3.80,3.80,3.80,0,0,0
25/06/2024,3.80,700,3.70,3.80,3.70,0,0,0
24/06/2024,3.70,100,3.70,3.70,3.70,0,0,0
21/06/2024,3.80,"1,036",3.80,3.80,3.80,0,0,0
20/06/2024,3.80,"2,000",3.80,3.80,3.80,0,0,0
19/06/2024,3.80,"7,500",3.70,3.80,3.70,0,0,0
18/06/2024,3.80,600,3.80,3.80,3.80,0,0,0
17/06/2024,3.80,"5,500",3.80,3.80,3.80,0,0,0
14/06/2024,3.80,200,3.80,3.80,3.80,0,0,0
13/06/2024,3.80,900,3.80,3.80,3.80,0,0,0
12/06/2024,3.80,"3,500",3.80,3.80,3.80,0,0,0
11/06/2024,3.80,"1,020",3.90,3.90,3.80,0,0,0
10/06/2024,3.80,804,3.80,3.80,3.80,0,0,0
07/06/2024,3.80,"13,500",3.80,3.90,3.80,0,0,0
06/06/2024,3.80,700,3.60,3.80,3.60,0,0,0
05/06/2024,3.70,100,3.70,3.70,3.70,0,0,0
04/06/2024,3.80,"2,100",3.80,3.80,3.80,0,0,0
03/06/2024,3.90,"1,100",3.90,3.90,3.90,0,0,0
31/05/2024,3.90,354,3.90,3.90,3.90,0,0,0
30/05/2024,3.80,"2,401",3.70,4,3.70,0,0,0
29/05/2024,3.70,"3,500",3.80,3.80,3.60,0,0,0
28/05/2024,3.80,"3,000",3.80,3.80,3.80,0,0,0
27/05/2024,3.80,"4,010",3.90,3.90,3.80,0,0,0
24/05/2024,3.80,"2,200",3.90,3.90,3.80,0,0,0
23/05/2024,3.80,"3,124",3.90,3.90,3.80,0,0,0
22/05/2024,3.70,"3,300",3.80,3.80,3.70,0,0,0
21/05/2024,3.70,"1,200",3.80,3.90,3.70,0,0,0
20/05/2024,3.70,500,3.70,3.70,3.70,0,0,0
17/05/2024,3.70,"2,700",3.70,3.70,3.70,0,0,0
16/05/2024,3.70,"1,100",3.70,3.70,3.70,0,0,0
15/05/2024,3.60,0,3.60,3.60,3.60,0,0,0
14/05/2024,3.60,"1,000",3.60,3.60,3.60,0,0,0
13/05/2024,3.60,"1,502",3.60,3.60,3.60,0,0,0
10/05/2024,3.50,700,3.60,3.60,3.50,0,0,0
09/05/2024,3.70,0,3.70,3.70,3.70,0,0,0
08/05/2024,3.70,"12,200",3.50,3.70,3.50,0,0,0
07/05/2024,3.50,"10,000",3.50,3.50,3.50,0,0,0
06/05/2024,3.50,"2,000",3.50,3.50,3.50,0,0,0
03/05/2024,3.50,"6,000",3.50,3.50,3.50,0,0,0
02/05/2024,3.50,"6,100",3.50,3.50,3.50,0,0,0
26/04/2024,3.40,"13,600",3.40,3.50,3.40,0,0,0
25/04/2024,3.40,"8,000",3.40,3.40,3.30,0,0,0
24/04/2024,3.30,"3,501",3.30,3.40,3.30,0,0,0
23/04/2024,3.30,500,3.30,3.30,3.30,0,0,0
22/04/2024,3.30,200,3.30,3.30,3.30,0,0,0
19/04/2024,3.20,"10,500",3.20,3.20,3.20,0,0,0
17/04/2024,3.30,"13,500",3.30,3.40,3.30,0,0,0
16/04/2024,3.30,"4,100",3.40,3.40,3.30,0,0,0
15/04/2024,3.40,"1,300",3.40,3.50,3.40,0,0,0
12/04/2024,3.50,"8,907",3.40,3.50,3.40,0,0,0
11/04/2024,3.40,200,3.40,3.40,3.40,0,0,0
10/04/2024,3.40,310,3.40,3.50,3.40,0,0,0
09/04/2024,3.50,"3,500",3.50,3.50,3.50,0,0,0
08/04/2024,3.60,0,3.60,3.60,3.60,0,0,0
05/04/2024,3.60,200,3.50,3.60,3.50,100,0,0.0
04/04/2024,3.50,300,3.50,3.50,3.50,100,0,0.0
03/04/2024,3.50,"3,300",3.70,3.70,3.50,100,300,-0.0
02/04/2024,3.70,"4,100",3.70,3.70,3.60,0,100,-0.0
01/04/2024,3.60,"8,200",3.60,3.70,3.60,0,0,0
29/03/2024,3.60,"7,500",3.70,3.70,3.60,0,100,-0.0
28/03/2024,3.70,"15,800",3.70,3.80,3.70,0,0,0
27/03/2024,3.70,300,3.70,3.70,3.70,0,0,0
26/03/2024,3.80,600,3.80,3.80,3.80,500,0,0.0
25/03/2024,3.80,100,3.80,3.80,3.80,0,0,0
22/03/2024,3.80,600,3.70,3.80,3.70,0,0,0
21/03/2024,3.70,"3,000",3.70,3.70,3.70,0,0,0
20/03/2024,3.70,200,3.60,3.70,3.60,0,0,0
19/03/2024,3.70,"3,000",3.70,3.70,3.70,0,0,0
18/03/2024,3.70,"11,800",3.70,3.70,3.70,0,0,0
15/03/2024,3.70,"10,400",3.70,3.70,3.70,0,0,0
14/03/2024,3.80,100,3.80,3.80,3.80,0,0,0
13/03/2024,3.80,0,3.80,3.80,3.80,0,0,0
12/03/2024,3.80,100,3.80,3.80,3.80,0,0,0
11/03/2024,3.70,"5,200",3.70,3.70,3.70,0,0,0
08/03/2024,3.80,100,3.80,3.80,3.80,0,0,0
07/03/2024,3.70,100,3.70,3.70,3.70,0,0,0
06/03/2024,3.80,0,3.80,3.80,3.80,0,0,0
05/03/2024,3.80,"2,200",3.70,3.80,3.60,0,0,0
04/03/2024,3.80,"10,200",3.70,3.80,3.70,0,0,0
01/03/2024,3.80,"2,200",3.80,3.80,3.70,0,0,0
29/02/2024,3.80,400,3.80,3.80,3.80,0,0,0
28/02/2024,3.80,600,3.80,3.80,3.80,0,0,0
27/02/2024,3.80,"2,600",3.80,3.80,3.80,0,0,0
26/02/2024,3.80,"17,601",3.90,3.90,3.70,0,0,0
23/02/2024,3.90,200,3.80,3.90,3.80,0,0,0
22/02/2024,3.80,300,3.80,3.80,3.80,0,0,0
21/02/2024,3.80,"3,110",3.90,3.90,3.70,0,0,0
20/02/2024,3.90,0,3.90,3.90,3.90,0,0,0
19/02/2024,3.90,191,3.90,3.90,3.90,0,0,0
16/02/2024,3.90,700,3.80,3.90,3.80,0,0,0
15/02/2024,3.70,"17,800",3.80,3.80,3.70,0,0,0
07/02/2024,3.90,500,3.90,3.90,3.90,0,0,0
06/02/2024,3.90,0,3.90,3.90,3.90,0,0,0
05/02/2024,3.90,0,3.90,3.90,3.90,0,0,0
02/02/2024,3.90,0,3.90,3.90,3.90,0,0,0
01/02/2024,3.90,300,3.90,3.90,3.90,0,0,0
31/01/2024,3.90,0,3.90,3.90,3.90,0,0,0
30/01/2024,3.90,"1,700",3.90,3.90,3.90,0,0,0
29/01/2024,4,"1,200",3.90,4,3.90,0,0,0
26/01/2024,3.90,"17,900",3.90,3.90,3.90,0,0,0
25/01/2024,3.80,"2,900",3.80,3.80,3.70,0,0,0
24/01/2024,3.70,600,3.80,3.80,3.70,0,0,0
23/01/2024,3.70,900,3.70,3.70,3.70,0,0,0
22/01/2024,3.80,0,3.80,3.80,3.80,0,0,0
19/01/2024,3.80,"2,500",3.70,3.80,3.70,0,0,0
18/01/2024,3.60,800,3.70,3.70,3.60,0,0,0
17/01/2024,3.70,10,3.70,3.70,3.70,0,0,0
16/01/2024,3.70,"1,500",3.70,3.70,3.70,0,0,0
15/01/2024,3.50,"1,700",3.50,3.50,3.50,0,0,0
12/01/2024,3.70,"1,100",3.70,3.70,3.70,0,0,0
11/01/2024,3.90,"2,500",3.90,3.90,3.90,0,0,0
10/01/2024,3.90,"1,700",3.90,3.90,3.90,0,0,0
09/01/2024,3.90,"6,000",3.70,3.90,3.70,0,0,0
08/01/2024,3.70,"1,200",3.70,3.70,3.70,0,0,0
05/01/2024,3.70,"17,600",3.60,3.70,3.60,0,0,0
04/01/2024,3.60,"3,736",3.60,3.60,3.50,0,100,-0.0
03/01/2024,3.60,"4,019",3.60,3.60,3.50,0,800,-0.0
02/01/2024,3.60,"3,200",3.50,3.60,3.50,0,0,0
29/12/2023,3.60,700,3.60,3.60,3.50,0,0,0
28/12/2023,3.60,"2,800",3.60,3.60,3.50,0,0,0
27/12/2023,3.60,"3,600",3.60,3.60,3.50,0,0,0
26/12/2023,3.60,0,3.60,3.60,3.60,0,0,0
25/12/2023,3.60,"16,000",3.60,3.60,3.50,0,0,0
22/12/2023,3.60,"2,000",3.60,3.60,3.60,0,0,0
21/12/2023,3.60,"6,100",3.50,3.60,3.40,0,0,0
20/12/2023,3.50,"1,100",3.50,3.50,3.40,0,0,0
19/12/2023,3.50,"8,900",3.60,3.60,3.50,0,0,0
18/12/2023,3.60,"5,400",3.60,3.60,3.60,0,0,0
15/12/2023,3.60,"4,300",3.60,3.60,3.50,0,0,0
14/12/2023,3.60,"1,400",3.60,3.60,3.50,0,0,0
13/12/2023,3.60,"7,900",3.60,3.60,3.50,0,0,0
12/12/2023,3.60,"5,400",3.60,3.60,3.60,0,0,0
11/12/2023,3.60,"8,300",3.60,3.60,3.50,0,0,0
08/12/2023,3.60,"10,300",3.70,3.70,3.60,0,0,0
07/12/2023,3.70,"7,400",3.80,3.80,3.60,0,0,0
06/12/2023,3.80,"83,300",4,4,3.60,0,0,0
05/12/2023,4,"12,800",4,4,3.90,0,0,0
04/12/2023,4,"1,100",4.10,4.10,4,0,0,0
01/12/2023,4.10,300,4.10,4.10,3.90,0,0,0
30/11/2023,4.10,"6,300",4,4.10,3.90,0,0,0
29/11/2023,4,"6,300",4.20,4.20,4,0,0,0
28/11/2023,4.20,"14,100",4.20,4.20,4,0,0,0
27/11/2023,4.20,"16,200",4.30,4.30,4,0,0,0
24/11/2023,4.30,"7,600",4.30,4.30,4.10,0,0,0
23/11/2023,4.30,"3,400",4.40,4.40,4.30,0,0,0
22/11/2023,4.40,"3,400",4.40,4.40,4.30,0,0,0
21/11/2023,4.40,0,4.40,4.40,4.40,0,0,0
20/11/2023,4.40,"1,100",4.40,4.40,4.40,0,0,0
17/11/2023,4.40,"1,500",4.40,4.40,4.40,0,0,0
16/11/2023,4.40,"1,200",4.40,4.40,4.40,0,0,0
15/11/2023,4.40,"5,200",4.40,4.40,4.30,0,0,0
14/11/2023,4.40,"2,300",4.40,4.40,4.30,0,0,0
13/11/2023,4.40,"7,100",4.50,4.50,4.40,0,0,0
10/11/2023,4.50,"4,100",4.60,4.60,4.50,0,0,0
09/11/2023,4.60,"4,800",4.60,4.60,4.60,0,0,0
08/11/2023,4.60,0,4.60,4.60,4.60,0,0,0
07/11/2023,4.60,"3,600",4.70,4.70,4.60,0,0,0
06/11/2023,4.70,"3,100",4.70,4.70,4.70,0,0,0
03/11/2023,4.70,0,4.70,4.70,4.70,0,0,0
02/11/2023,4.70,"11,800",4.70,4.70,4.70,0,0,0
01/11/2023,4.70,0,4.70,4.70,4.70,0,0,0
31/10/2023,4.70,0,4.70,4.70,4.70,0,0,0
30/10/2023,4.70,0,4.70,4.70,4.70,0,0,0
27/10/2023,4.70,100,4.70,4.70,4.70,0,0,0
26/10/2023,4.70,"24,600",4.90,4.90,4.60,0,0,0
25/10/2023,4.90,"11,100",4.90,4.90,4.80,0,0,0
24/10/2023,4.90,"13,400",4.90,4.90,4.70,0,0,0
23/10/2023,4.90,"8,500",4.90,4.90,4.90,0,0,0
20/10/2023,4.90,"11,500",4.90,5,4.90,0,0,0
19/10/2023,4.90,"12,500",5,5,4.90,0,0,0
18/10/2023,5,"14,000",5.10,5.10,4.90,0,0,0
17/10/2023,5.10,"15,300",5.20,5.20,5.10,0,0,0
16/10/2023,5.20,"14,600",5.20,5.20,5.10,0,0,0
13/10/2023,5.20,"13,300",5.30,5.30,5.20,0,0,0
12/10/2023,5.30,"78,200",5.20,5.50,5.20,0,0,0
11/10/2023,5.20,"20,700",5.10,5.20,5,0,0,0
10/10/2023,5.10,"11,200",5.10,5.10,5,0,0,0
09/10/2023,5.10,"11,800",5,5.10,4.90,0,0,0
06/10/2023,5,"11,600",5,5,4.90,0,0,0
05/10/2023,5,"11,300",5,5,4.90,0,0,0
04/10/2023,5,"15,200",5,5,4.90,"1,000",0,0.0
03/10/2023,5,"24,500",5,5,4.90,0,0,0
02/10/2023,5,"14,800",5,5.10,5,0,0,0
29/09/2023,5,"15,500",5.10,5.10,5,0,0,0
28/09/2023,5.10,"14,100",5,5.10,4.90,0,0,0
27/09/2023,5,"12,300",5.10,5.10,5,0,0,0
26/09/2023,5.10,"11,900",5.10,5.10,5,0,0,0
25/09/2023,5.10,"13,500",5.10,5.10,5,0,0,0
22/09/2023,5.10,"19,700",5.20,5.20,5,0,800,-0.0
21/09/2023,5.20,"10,100",5.20,5.20,5.20,0,0,0
20/09/2023,5.20,"11,200",5.20,5.20,5.10,0,0,0
19/09/2023,5.20,"14,400",5.20,5.20,5.10,0,0,0
18/09/2023,5.20,"15,400",5.20,5.20,5.10,0,0,0
15/09/2023,5.20,"70,200",5.40,5.40,5,0,0,0
14/09/2023,5.40,"33,400",5.70,5.70,5.40,0,0,0
13/09/2023,5.70,"11,200",5.70,5.70,5.70,0,0,0
12/09/2023,5.70,"18,000",5.80,5.80,5.70,0,0,0
11/09/2023,5.80,"12,300",5.90,5.90,5.80,0,0,0
08/09/2023,5.90,"15,100",5.80,5.90,5.80,0,0,0
07/09/2023,5.80,"12,200",5.90,5.90,5.80,0,0,0
06/09/2023,5.90,"27,700",5.90,6,5.80,0,0,0
05/09/2023,5.90,"21,500",5.90,5.90,5.80,0,0,0
31/08/2023,5.90,"27,400",5.90,5.90,5.80,0,0,0
30/08/2023,5.90,"28,300",5.90,5.90,5.80,0,0,0
29/08/2023,5.90,"27,400",6,6,5.80,0,0,0
28/08/2023,6,"28,700",5.90,6,5.90,0,0,0
25/08/2023,5.90,"22,600",5.90,6,5.90,0,0,0
24/08/2023,5.90,"25,200",5.90,6,5.90,0,0,0
23/08/2023,5.90,"34,200",5.80,6,5.80,0,0,0
22/08/2023,5.80,"41,800",5.90,6.10,5.80,0,0,0
21/08/2023,5.90,"50,300",5.70,6,5.70,0,0,0
18/08/2023,5.70,"69,200",5.80,5.80,5.60,0,0,0
17/08/2023,5.80,"39,300",5.90,5.90,5.80,0,0,0
16/08/2023,5.90,"31,300",6,6,5.90,0,0,0
15/08/2023,6,"30,300",6,6,5.90,0,0,0
14/08/2023,6,"46,500",6,6,5.90,0,0,0
11/08/2023,6,"83,300",6,6,5.80,0,0,0
10/08/2023,6,"33,800",6.10,6.10,6,0,0,0
09/08/2023,6.10,"27,800",6.10,6.10,6,0,0,0
08/08/2023,6.10,"41,000",6.10,6.10,6,0,0,0
07/08/2023,6.10,"32,300",6.10,6.10,6.10,0,0,0
04/08/2023,6.10,"63,200",6.20,6.20,6,0,"40,000",-0.2
03/08/2023,6.20,"25,700",6.40,6.40,6.20,0,0,0
02/08/2023,6.40,"48,000",6.40,6.60,6.40,0,0,0
01/08/2023,6.40,"62,000",6.30,6.60,6.30,0,0,0
31/07/2023,6.30,"27,800",6.30,6.30,6.30,0,0,0
28/07/2023,6.30,"47,000",6.10,6.30,6.10,0,0,0
27/07/2023,6.10,"21,500",6.10,6.10,6,0,0,0
26/07/2023,6.10,"41,000",6.10,6.10,6,0,0,0
25/07/2023,6.10,"51,500",6.10,6.10,6.10,0,0,0
24/07/2023,6.10,"13,500",6.10,6.10,6.10,0,0,0
21/07/2023,6.10,"30,300",6.10,6.20,6,0,0,0
20/07/2023,6.10,"39,000",6.20,6.20,6.10,0,0,0
19/07/2023,6.20,"40,600",6.30,6.30,6.10,0,0,0
18/07/2023,6.30,"39,800",6.30,6.30,6.20,0,0,0
17/07/2023,6.30,"42,400",6.30,6.30,6.20,0,0,0
14/07/2023,6.30,"21,400",6.40,6.40,6.30,0,0,0
13/07/2023,6.40,"40,900",6.40,6.40,6.20,0,0,0
12/07/2023,6.40,"40,700",6.50,6.50,6.30,0,0,0
11/07/2023,6.50,"42,300",6.50,6.50,6.40,0,0,0
10/07/2023,6.50,"47,100",6.50,6.50,6.40,0,0,0
07/07/2023,6.50,"48,500",6.30,6.50,6.30,0,0,0
06/07/2023,6.30,"83,300",6.30,6.30,6.10,0,0,0
05/07/2023,6.30,"42,820",6.30,6.30,6.30,0,0,0
04/07/2023,6.30,"46,600",6.30,6.30,6.20,0,0,0
03/07/2023,6.30,"42,400",6.30,6.40,6.20,0,0,0
30/06/2023,6.30,"40,900",6.40,6.50,6.30,0,0,0
29/06/2023,6.40,"43,000",6.50,6.50,6.40,0,0,0
28/06/2023,6.50,"45,800",6.70,6.70,6.50,0,0,0
27/06/2023,6.70,"50,900",6.60,6.70,6.60,0,0,0
26/06/2023,6.60,"58,800",6.70,6.70,6.40,0,0,0
23/06/2023,6.70,"46,500",6.70,6.70,6.60,0,0,0
22/06/2023,6.70,"25,300",6.60,6.70,6.60,0,0,0
21/06/2023,6.60,"45,200",6.60,6.70,6.60,0,0,0
20/06/2023,6.60,"41,100",6.50,6.60,6.50,0,0,0
19/06/2023,6.50,"52,900",6.60,6.70,6.40,0,0,0
16/06/2023,6.60,"73,401",6.60,6.80,6.60,0,0,0
15/06/2023,6.60,"62,100",6.60,6.70,6.60,0,0,0
14/06/2023,6.60,"84,200",6.80,6.90,6.60,0,0,0
13/06/2023,6.80,"69,125",6.80,6.80,6.70,0,0,0
12/06/2023,6.80,"123,000",6.50,6.80,6.50,0,0,0
09/06/2023,6.50,"26,214",6.50,6.60,6.50,0,0,0
08/06/2023,6.50,"40,700",6.50,6.60,6.50,0,0,0
07/06/2023,6.50,"38,411",6.50,6.60,6.50,0,0,0
06/06/2023,6.50,"56,615",6.60,6.60,6.40,0,0,0
05/06/2023,6.60,"51,500",6.60,6.70,6.60,0,0,0
02/06/2023,6.60,"106,100",6.40,6.60,6.40,0,0,0
01/06/2023,6.40,"65,500",6.40,6.60,6.30,0,0,0
31/05/2023,6.40,"54,200",6.30,6.50,6.30,0,0,0
30/05/2023,6.30,"114,700",6.10,6.70,6.10,0,0,0
29/05/2023,6.10,"40,620",6.10,6.20,6.10,0,0,0
26/05/2023,6.10,"16,606",6.20,6.20,6.10,0,0,0
25/05/2023,6.20,"30,700",6.20,6.20,6.10,0,0,0
24/05/2023,6.20,"26,800",6.10,6.20,6,0,0,0
23/05/2023,6.10,"33,701",6.10,6.20,6,0,0,0
22/05/2023,6.10,"31,000",6.10,6.10,6,0,0,0
19/05/2023,6.10,"30,600",6.20,6.20,6,0,0,0
18/05/2023,6.20,"31,800",6,6.40,6.20,0,0,0
17/05/2023,6,"4,400",6,6,6,0,0,0
16/05/2023,6,"68,320",6.20,6.20,6,0,0,0
15/05/2023,6.20,"24,600",6,6.20,6,0,0,0
12/05/2023,6,"30,000",6,6.10,6,0,0,0
11/05/2023,6,"32,100",6,6,5.90,0,0,0
10/05/2023,6,200,6,6,6,0,0,0
09/05/2023,6,"32,400",6.20,6.20,6,0,0,0
08/05/2023,6.20,"39,961",6.20,6.50,6.10,0,0,0
05/05/2023,6.20,"27,100",5.80,6.20,5.90,0,0,0
04/05/2023,5.80,"67,000",5.80,5.90,5.70,0,0,0
28/04/2023,5.80,"31,000",5.80,5.90,5.80,0,0,0
27/04/2023,5.80,"17,900",5.80,5.90,5.70,0,0,0
26/04/2023,5.80,"12,500",5.90,5.90,5.80,0,0,0
25/04/2023,5.90,"12,404",5.90,5.90,5.90,0,0,0
24/04/2023,5.90,"82,100",6,6,5.90,0,0,0
21/04/2023,6,"49,300",6,6,5.90,0,0,0
20/04/2023,6,"52,721",6.20,6.20,6,0,0,0
19/04/2023,6.20,"48,522",6.20,6.20,6,0,0,0
18/04/2023,6.20,"35,400",6.20,6.20,6,0,0,0
17/04/2023,6.20,"30,600",6.10,6.20,6,0,0,0
14/04/2023,6.10,"27,536",6.30,6.30,6.10,0,0,0
13/04/2023,6.30,"30,400",6.30,6.30,6.10,0,0,0
12/04/2023,6.30,"30,116",6.10,6.30,6.10,0,0,0
11/04/2023,6.10,"32,400",6.20,6.30,6.10,0,0,0
10/04/2023,6.20,"36,800",6.50,6.50,6.20,0,0,0
07/04/2023,6.50,"23,500",6.30,6.50,6.20,0,0,0
06/04/2023,6.30,"21,404",6.20,6.40,6.10,0,0,0
05/04/2023,6.20,"219,320",6.20,6.20,6,0,0,0
04/04/2023,6.20,"30,217",6.10,6.30,6,0,0,0
03/04/2023,6.10,"417,100",6.10,6.10,6,0,0,0
31/03/2023,6.10,"10,000",6.10,6.10,6.10,0,0,0
30/03/2023,6.10,"15,909",6,6.10,6,0,0,0
29/03/2023,6,"21,200",6.10,6.10,6,0,300,-0.0
28/03/2023,6.10,"16,100",6.10,6.10,6,0,0,0
27/03/2023,6.10,"16,400",6.20,6.20,6.10,0,0,0
24/03/2023,6.20,"10,000",6.20,6.20,6.10,0,0,0
23/03/2023,6.20,"15,580",6.20,6.20,6.10,0,0,0
22/03/2023,6.20,"19,912",6.10,6.20,6,0,0,0
21/03/2023,6.10,"15,200",6.10,6.10,6,0,0,0
20/03/2023,6.10,"16,500",6.20,6.20,6.10,0,0,0
17/03/2023,6.20,"15,000",6.20,6.20,6.20,0,0,0
16/03/2023,6.20,"12,000",6.10,6.20,6.10,0,0,0
15/03/2023,6.10,"20,705",6,6.10,6,0,0,0
14/03/2023,6,"16,800",6.20,6.20,6,400,0,0.0
13/03/2023,6.20,"15,700",6.30,6.30,6,0,0,0
10/03/2023,6.30,"21,215",6.40,6.50,6.20,200,0,0.0
09/03/2023,6.40,"34,711",6.50,6.60,6.30,0,0,0
08/03/2023,6.50,200,6.40,6.50,6.50,0,0,0
07/03/2023,6.40,900,6.40,6.40,6.40,0,0,0
06/03/2023,6.40,100,6.30,6.40,6.40,0,0,0
03/03/2023,6.30,100,6.10,6.30,6.30,0,0,0
02/03/2023,6.10,200,6.10,6.10,6.10,200,0,0.0
01/03/2023,6.10,200,5.60,6.10,6.10,0,0,0
28/02/2023,5.60,"33,000",6,6,5.60,0,0,0
27/02/2023,6,"19,300",6.60,6.60,6,0,0,0
24/02/2023,6.60,"1,002",6.40,6.60,6.50,2,0,0.0
23/02/2023,6.40,100,6.60,6.60,6.40,0,0,0
22/02/2023,6.60,0,6.60,6.60,6.60,0,0,0
21/02/2023,6.60,"2,200",6.60,6.70,6.30,0,0,0
20/02/2023,6.60,300,6.50,6.60,6.50,0,0,0
17/02/2023,6.50,200,6.30,6.50,6.30,0,0,0
16/02/2023,6.30,500,6.40,6.60,6.30,0,0,0
15/02/2023,6.40,100,6.30,6.40,6.40,0,0,0
14/02/2023,6.30,"27,000",5.80,6.30,5.50,0,0,0
13/02/2023,5.80,400,6.30,6.40,5.80,0,0,0
10/02/2023,6.30,"4,000",6.70,6.90,6.20,0,0,0
09/02/2023,6.70,"6,300",6.80,6.80,6.20,0,0,0
08/02/2023,6.80,"4,300",6.50,6.90,6.10,0,0,0
07/02/2023,6.50,0,6.50,6.50,6.50,0,0,0
06/02/2023,6.50,"7,500",6.30,6.50,6.30,0,0,0
03/02/2023,6.30,"7,400",6.20,6.30,6.10,0,0,0
02/02/2023,6.20,"1,970",6,6.20,5.60,0,0,0
01/02/2023,6,"16,500",6.20,6.20,6,0,0,0
31/01/2023,6.20,200,6.10,6.20,5.70,0,0,0
30/01/2023,6.10,"16,400",6.20,6.20,5.90,0,0,0
27/01/2023,6.20,"4,000",6.10,6.20,5.70,0,0,0
19/01/2023,6.10,"13,500",5.60,6.10,5.50,0,0,0
18/01/2023,5.60,"1,200",5.80,5.80,5.60,0,0,0
17/01/2023,5.80,"12,700",5.70,5.80,5.80,0,0,0
16/01/2023,5.70,"7,100",5.70,5.70,5.70,0,0,0
13/01/2023,5.70,"2,900",5.60,5.80,5.60,0,0,0
12/01/2023,5.60,"3,100",5.60,5.80,5.60,0,0,0
11/01/2023,5.60,"3,700",5.50,5.70,5.60,0,0,0
10/01/2023,5.50,"1,500",5.90,5.90,5.40,0,0,0
09/01/2023,5.90,300,5.70,6,5.90,0,0,0
06/01/2023,5.70,"3,900",5.60,5.70,5.60,0,0,0
05/01/2023,5.60,"8,900",6,6,5.40,0,0,0
04/01/2023,6,0,6,6,6,0,0,0
03/01/2023,6,"30,300",5.80,6,5.30,0,0,0
30/12/2022,5.80,"6,100",5.80,5.80,5.50,0,0,0
29/12/2022,5.80,0,5.80,5.80,5.80,0,0,0
28/12/2022,5.80,"11,700",5.60,6,5.60,0,0,0
27/12/2022,5.60,"2,300",5.70,5.70,5.50,0,0,0
26/12/2022,5.70,"4,800",5.80,5.80,5.50,0,0,0
23/12/2022,5.80,100,5.70,5.80,5.80,0,0,0
22/12/2022,5.70,"7,500",5.50,5.70,5.60,0,0,0
21/12/2022,5.50,"7,400",5.50,5.50,5.30,0,0,0
20/12/2022,5.50,"58,500",5.70,6,5.30,0,0,0
19/12/2022,5.70,"45,700",6.20,6.30,5.70,0,0,0
16/12/2022,6.20,"23,500",6.30,6.50,6.20,0,0,0
15/12/2022,6.30,"93,601",5.80,6.30,6.10,"20,000",0,0.1
14/12/2022,5.80,"36,100",5.80,6,5.80,0,0,0
13/12/2022,5.80,"20,700",6,6.20,5.80,0,0,0
12/12/2022,6,"2,200",6.10,6.20,6,0,0,0
09/12/2022,6.10,"258,700",5.90,6.10,5.70,0,0,0
08/12/2022,5.90,"13,200",5.60,6,5.70,0,0,0
07/12/2022,5.60,"13,500",5.60,5.70,5.60,0,0,0
06/12/2022,5.60,"251,002",5.80,5.80,5.60,0,0,0
05/12/2022,5.80,"14,445",5.60,5.80,5.70,0,0,0
02/12/2022,5.60,"35,400",5.80,5.90,5.60,0,0,0
01/12/2022,5.80,"7,300",5.80,5.80,5.70,0,0,0
30/11/2022,5.80,"20,200",5.80,5.80,5.70,0,0,0
29/11/2022,5.80,"34,200",5.70,5.80,5.70,0,0,0
28/11/2022,5.70,"4,900",5.70,5.90,5.70,0,0,0
25/11/2022,5.70,400,5.50,5.80,5.70,0,0,0
24/11/2022,5.50,"44,410",5.70,5.80,5.50,0,0,0
23/11/2022,5.70,"10,900",5.70,5.80,5.40,0,0,0
22/11/2022,5.70,"29,100",5.60,5.80,5.20,0,0,0
21/11/2022,5.60,"40,200",5.60,5.80,5.20,0,0,0
18/11/2022,5.60,"5,800",5.60,5.60,5.40,0,0,0
17/11/2022,5.60,"12,100",5.50,5.60,5.30,0,0,0
16/11/2022,5.50,"36,831",5.10,5.50,4.70,0,0,0
15/11/2022,5.10,"11,700",5.60,5.60,5.10,0,0,0
14/11/2022,5.60,"17,100",5.60,5.60,5.10,0,0,0
11/11/2022,5.60,"15,500",5.50,5.60,5.40,0,0,0
10/11/2022,5.50,"10,900",5.50,5.60,5.20,0,0,0
09/11/2022,5.50,"4,200",5.20,5.50,5.20,"2,000",0,0.0
08/11/2022,5.20,"26,700",5.60,5.60,5.20,0,0,0
07/11/2022,5.60,"4,300",5.80,5.80,5.60,0,0,0
04/11/2022,5.80,0,5.80,5.80,5.80,0,0,0
03/11/2022,5.80,"26,600",5.90,5.90,5.40,0,0,0
02/11/2022,5.90,100,5.70,5.90,5.90,0,0,0
01/11/2022,5.70,"1,100",5.90,5.90,5.60,0,0,0
31/10/2022,5.90,400,5.90,5.90,5.90,0,0,0
28/10/2022,5.90,0,5.90,5.90,5.90,0,0,0
27/10/2022,5.90,"5,000",5.80,5.90,5.80,0,0,0
26/10/2022,5.80,"4,100",5.80,5.90,5.70,0,0,0
25/10/2022,5.80,"1,900",5.80,5.80,5.60,0,0,0
24/10/2022,5.80,"9,200",5.80,5.80,5.40,0,0,0
21/10/2022,5.80,"3,000",5.80,5.80,5.80,0,0,0
20/10/2022,5.80,"3,600",5.80,5.80,5.80,0,0,0
19/10/2022,5.80,"6,700",5.50,5.80,5.70,0,0,0
18/10/2022,5.50,300,5.70,5.70,5.50,0,0,0
17/10/2022,5.70,500,5.70,5.70,5.60,0,0,0
14/10/2022,5.70,"6,101",5.70,5.70,5.50,0,0,0
13/10/2022,5.70,0,5.70,5.70,5.70,0,0,0
12/10/2022,5.70,"2,600",5.60,5.70,5.40,0,0,0
11/10/2022,5.60,"1,500",5.40,5.60,5.50,0,0,0
10/10/2022,5.40,"28,000",5.90,5.90,5.40,0,0,0
07/10/2022,5.90,"1,000",5.80,5.90,5.60,0,0,0
06/10/2022,5.80,"2,400",5.90,5.90,5.70,0,0,0
05/10/2022,5.90,"6,300",5.90,6,5.60,"5,000",0,0.0
04/10/2022,5.90,"40,800",5.90,5.90,5.80,0,0,0
03/10/2022,5.90,500,5.90,5.90,5.90,0,0,0
30/09/2022,5.90,"22,400",6,6,5.70,0,0,0
29/09/2022,6,"3,500",6,6.10,6,0,0,0
28/09/2022,6,300,6.10,6.10,6,0,0,0
27/09/2022,6.10,"1,000",6.10,6.10,5.90,0,0,0
26/09/2022,6.10,"19,700",5.90,6.10,5.90,0,0,0
23/09/2022,5.90,"7,200",5.90,5.90,5.80,0,0,0
22/09/2022,5.90,0,5.90,5.90,5.90,0,0,0
21/09/2022,5.90,"5,800",5.90,5.90,5.70,0,0,0
20/09/2022,5.90,"6,900",5.80,6,5.80,0,0,0
19/09/2022,5.80,"17,400",5.90,5.90,5.70,0,0,0
16/09/2022,5.90,"7,819",6.10,6.10,5.80,0,0,0
15/09/2022,6.10,"8,800",6,6.10,5.80,0,0,0
14/09/2022,6,"25,400",6,6,6,0,0,0
13/09/2022,6,"23,600",5.80,6.10,5.80,0,0,0
12/09/2022,5.80,"15,800",5.70,5.90,5.70,0,0,0
09/09/2022,5.70,"9,400",5.70,5.80,5.40,0,0,0
08/09/2022,5.70,"1,500",5.70,5.80,5.60,0,0,0
07/09/2022,5.70,"8,100",5.80,5.80,5.60,0,0,0
06/09/2022,5.80,"14,000",6,6,5.70,0,0,0
05/09/2022,6,"3,800",6.10,6.10,6,0,0,0
31/08/2022,6.10,"2,500",6.10,6.10,6,0,0,0
30/08/2022,6.10,"12,400",6,6.10,5.90,0,0,0
29/08/2022,6,"21,800",6.20,6.20,5.80,0,0,0
26/08/2022,6.20,"1,900",6.20,6.20,6,0,0,0
25/08/2022,6.20,800,6.30,6.30,6.10,0,0,0
24/08/2022,6.30,"17,300",6.20,6.30,6.10,0,0,0
23/08/2022,6.20,"20,300",6.30,6.30,6.20,0,0,0
22/08/2022,6.30,"4,500",6.30,6.30,6.20,0,0,0
19/08/2022,6.30,"13,800",6.40,6.40,6.20,0,0,0
18/08/2022,6.40,"11,100",6.40,6.40,6.20,0,0,0
17/08/2022,6.40,"28,200",6.50,6.60,6.40,0,0,0
16/08/2022,6.50,"28,500",6.20,6.50,6.30,0,0,0
15/08/2022,6.20,"13,700",6.30,6.40,6.10,0,0,0
12/08/2022,6.30,"45,000",6.50,6.50,6.30,0,0,0
11/08/2022,6.50,"67,600",6.20,6.60,6.20,0,0,0
10/08/2022,6.20,"33,600",6.20,6.30,6.10,0,0,0
09/08/2022,6.20,"19,800",6,6.20,6,0,0,0
08/08/2022,6,"18,000",6,6,5.90,0,0,0
05/08/2022,6,"29,400",6,6,6,0,0,0
04/08/2022,6,"4,800",5.90,6,5.90,0,0,0
03/08/2022,5.90,"4,700",6,6,5.80,0,0,0
02/08/2022,6,"30,100",6,6.10,5.90,0,0,0
01/08/2022,6,"5,800",6.20,6.20,6,0,0,0
29/07/2022,6.20,"10,400",6.30,6.40,6,0,0,0
28/07/2022,6.30,"10,500",6.20,6.30,6.20,0,0,0
27/07/2022,6.20,"18,300",6.40,6.40,6,0,0,0
26/07/2022,6.40,"17,100",6.40,6.40,6.30,0,0,0
25/07/2022,6.40,"11,900",6.40,6.40,6.20,0,0,0
22/07/2022,6.40,"3,800",6.40,6.40,6.20,0,0,0
21/07/2022,6.40,"1,600",6.50,6.50,6.40,0,0,0
20/07/2022,6.50,"12,400",6.60,6.60,6.10,0,"10,000",-0.1
19/07/2022,6.60,"1,200",6.50,6.60,6.60,0,0,0
18/07/2022,6.50,"12,700",6.60,6.60,6.20,0,0,0
15/07/2022,6.60,"9,300",6.70,6.70,6.30,0,0,0
14/07/2022,6.70,"6,900",6.40,6.70,6.40,0,0,0
13/07/2022,6.40,"7,400",6.60,6.80,6.40,0,0,0
12/07/2022,6.60,"9,800",6.40,6.60,6.20,0,0,0
11/07/2022,6.40,"24,100",6.90,6.90,6.40,0,0,0
08/07/2022,6.90,"6,400",6.80,6.90,6.80,0,0,0
07/07/2022,6.80,"13,200",7,7,6.40,0,0,0
06/07/2022,7,"13,500",6.90,7,6.80,0,0,0
05/07/2022,6.90,"9,500",7,7,6.70,0,0,0
04/07/2022,7,"15,000",6.80,7,6.80,0,0,0
01/07/2022,6.80,"11,200",6.90,7,6.60,0,0,0
30/06/2022,6.90,"2,000",7,7,6.70,0,0,0
29/06/2022,7,"3,100",7,7,6.70,0,0,0
28/06/2022,7,"4,700",7.10,7.10,7,0,0,0
27/06/2022,7.10,"1,500",7.10,7.10,7,0,0,0
24/06/2022,7.10,"2,800",7,7.10,7,0,0,0
23/06/2022,7,"5,900",7,7.10,6.40,0,0,0
22/06/2022,7,"3,000",7,7,7,0,0,0
21/06/2022,7,"6,600",7,7,6.60,0,0,0
20/06/2022,7,"8,900",7.10,7.20,6.50,0,0,0
17/06/2022,7.10,"2,000",7,7.10,6.90,0,0,0
16/06/2022,7,"8,300",7.30,7.50,7,0,0,0
15/06/2022,7.30,"14,500",7.60,7.60,7.10,0,0,0
14/06/2022,7.60,"7,100",7.50,7.60,7.50,0,0,0
13/06/2022,7.50,"12,500",7.70,7.70,7.30,0,0,0
10/06/2022,7.70,"37,900",7.10,7.80,7.10,0,0,0
09/06/2022,7.10,"17,100",7.10,7.20,7,0,0,0
08/06/2022,7.10,"15,919",7,7.40,7.10,100,0,0.0
07/06/2022,7,"23,900",7.30,7.30,6.80,0,0,0
06/06/2022,7.30,"25,200",7.50,7.60,7.30,0,0,0
03/06/2022,7.50,"110,800",8.10,8.10,7.50,0,"22,600",-0.2
02/06/2022,8.10,"29,000",8.40,8.40,7.90,0,0,0
01/06/2022,8.40,"7,500",8.60,8.60,8.30,0,0,0
31/05/2022,8.60,"38,319",8.50,8.60,8.40,0,0,0
30/05/2022,8.50,"117,200",8.40,8.50,8.20,0,0,0
27/05/2022,8.40,"13,000",8.30,8.40,8,0,0,0
26/05/2022,8.30,"42,700",8.40,8.50,8.20,0,0,0
25/05/2022,8.40,"29,100",8.20,8.50,8.10,0,0,0
24/05/2022,8.20,"6,000",8.30,8.30,8.10,0,0,0
23/05/2022,8.30,"9,800",8.30,8.50,8.10,0,0,0
20/05/2022,8.30,"10,800",8.40,8.40,8.10,0,0,0
19/05/2022,8.40,"19,000",8.50,8.50,8.10,0,0,0
18/05/2022,8.50,"6,519",8.50,8.50,8.20,0,0,0
17/05/2022,8.50,"17,400",8.20,8.70,8.20,0,0,0
16/05/2022,8.20,"26,600",8,8.40,8,0,0,0
13/05/2022,8,"23,700",8.30,8.30,7.90,0,0,0
12/05/2022,8.30,"27,400",8.50,8.60,8.20,0,0,0
11/05/2022,8.50,"24,200",8.50,8.70,8.50,0,0,0
10/05/2022,8.50,"7,400",8.30,8.50,8.20,0,0,0
09/05/2022,8.30,"17,100",8.60,8.60,8.10,0,100,-0.0
06/05/2022,8.60,"31,700",8.70,8.70,8.40,0,0,0
05/05/2022,8.70,"48,201",9,9,8.50,0,0,0
04/05/2022,9,"8,500",9,9,8.90,0,0,0
29/04/2022,9,"36,100",8.80,9,8.80,0,0,0
28/04/2022,8.80,"88,600",8.40,9,8.40,0,0,0
27/04/2022,8.40,800,8.30,8.40,8.20,0,0,0
26/04/2022,8.30,"19,252",7.90,8.40,7.80,0,100,-0.0
25/04/2022,7.90,"48,700",8.20,8.60,7.90,0,800,-0.0
22/04/2022,8.20,"31,500",8,8.40,7.50,0,"2,200",-0.0
21/04/2022,8,"221,100",8.80,8.80,8,0,0,0
20/04/2022,8.80,"126,500",9.20,9.40,8.80,0,0,0
19/04/2022,9.20,"92,000",9.30,9.50,9,0,0,0
18/04/2022,9.30,"62,900",9.50,9.50,9,0,"1,300",-0.0
15/04/2022,9.50,"71,400",9.80,9.80,9.30,0,0,0
14/04/2022,9.80,"79,000",9.70,9.90,9.30,0,0,0
13/04/2022,9.70,"195,620",10.50,10.50,9.50,0,0,0
12/04/2022,10.50,"64,900",10.90,10.90,10.20,0,"1,500",-0.0
08/04/2022,10.90,"154,200",11,11.50,10.40,0,0,0
07/04/2022,11,"145,615",10,11,10,0,0,0
06/04/2022,10,"199,300",11.10,11.10,10,0,0,0
05/04/2022,11.10,"186,900",12.30,12.30,11.10,0,0,0
04/04/2022,12.30,"199,400",12,12.30,11.40,0,0,0
01/04/2022,12,"306,200",12.20,13.40,11.30,0,0,0
31/03/2022,12.20,"324,520",11.10,12.20,12.10,0,0,0
30/03/2022,11.10,"265,700",10.10,11.10,10.50,0,0,0
29/03/2022,10.10,"269,500",9.20,10.10,9.30,0,0,0
28/03/2022,9.20,"21,900",9.30,9.30,9.20,0,0,0
25/03/2022,9.30,"22,300",9.30,9.40,9.20,0,0,0
24/03/2022,9.30,"45,600",9.20,9.30,9.20,0,0,0
23/03/2022,9.20,"24,400",9.30,9.30,9.10,0,0,0
22/03/2022,9.30,"19,900",9.20,9.30,9.10,0,0,0
21/03/2022,9.20,"36,000",9.20,9.20,9.10,0,0,0
18/03/2022,9.20,"145,800",9.10,9.20,8.90,"10,000",0,0.1
17/03/2022,9.10,"45,300",9.20,9.30,9,0,0,0
16/03/2022,9.20,"59,100",9.30,9.40,9,0,0,0
15/03/2022,9.30,"55,100",9.30,9.30,9.10,0,0,0
14/03/2022,9.30,"48,349",9.50,9.60,9.30,0,0,0
11/03/2022,9.50,"34,600",9.60,9.60,9.50,0,0,0
10/03/2022,9.60,"43,900",9.60,9.60,9.40,0,0,0
09/03/2022,9.60,"11,403",9.60,9.70,9.40,0,0,0
08/03/2022,9.60,"54,900",9.50,9.70,9.40,"7,600",0,0.1
07/03/2022,9.50,"90,700",9.60,9.80,9.40,"14,000",0,0.1
04/03/2022,9.60,"51,200",9.80,9.80,9.60,0,0,0
03/03/2022,9.80,"113,300",9.40,9.80,9.40,"15,000",0,0.1
02/03/2022,9.40,"66,500",9.80,9.80,9.40,0,0,0
01/03/2022,9.80,"44,900",9.60,10,9.50,0,0,0
28/02/2022,9.60,"131,400",9.90,9.90,9.40,0,0,0
25/02/2022,9.90,"28,100",9.80,10,9.80,0,0,0
24/02/2022,9.80,"76,700",9.80,10,9.60,"6,000",0,0.1
23/02/2022,9.80,"129,400",9.60,10.50,9.50,0,0,0
22/02/2022,9.60,"44,401",9.80,10,9.50,"10,000",0,0.1
21/02/2022,9.80,"93,600",10.10,10.20,9.40,"20,000",0,0.2
18/02/2022,10.10,"60,400",10.20,10.20,9.80,0,0,0
17/02/2022,10.20,"65,100",10.10,10.20,10,0,0,0
16/02/2022,10.10,"72,600",9.90,10.40,9.90,0,0,0
15/02/2022,9.90,"88,100",9.60,10,9.50,0,0,0
14/02/2022,9.60,"62,205",9.50,9.90,9.40,0,0,0
11/02/2022,9.50,"48,515",9.20,9.60,8.60,0,0,0
10/02/2022,9.20,"90,600",9.80,9.80,9.20,0,0,0
09/02/2022,9.80,"126,006",9.10,10,9.30,0,0,0
08/02/2022,9.10,"82,400",8.30,9.10,8.30,0,0,0
07/02/2022,8.30,"70,200",8.20,8.30,8,0,0,0
28/01/2022,8.20,"44,500",8.20,8.30,8,0,0,0
27/01/2022,8.20,"42,300",8.30,8.40,8,0,0,0
26/01/2022,8.30,"25,211",8.30,8.40,8.10,0,0,0
25/01/2022,8.30,"59,500",7.70,8.40,7.70,0,0,0
24/01/2022,7.70,"73,500",7.60,8.30,7.70,0,0,0
21/01/2022,7.60,"9,207",7.80,7.80,7.50,0,0,0
20/01/2022,7.80,"14,500",7.70,7.80,7.40,0,0,0
19/01/2022,7.70,"20,200",7.30,7.70,7.30,0,0,0
18/01/2022,7.30,"54,900",7.40,7.50,7.30,0,0,0
17/01/2022,7.40,"41,104",7.80,7.90,7.40,0,0,0
14/01/2022,7.80,"41,200",7.70,7.90,7.70,0,0,0
13/01/2022,7.70,"123,900",8,8.20,7.60,0,0,0
12/01/2022,8,"46,800",8.50,8.50,7.70,0,0,0
11/01/2022,8.50,"36,307",8.50,8.60,8.30,0,0,0
10/01/2022,8.50,"96,510",8,8.80,8,0,0,0
07/01/2022,8,"74,405",7.80,8,7.70,0,0,0
06/01/2022,7.80,"90,607",7.60,7.80,7.50,0,0,0
05/01/2022,7.60,"47,819",7.60,7.70,7.50,0,0,0
04/01/2022,7.60,"75,300",7.40,7.80,7.40,0,0,0
31/12/2021,7.40,"32,315",7.40,7.50,7.40,0,100,-0.0
30/12/2021,7.40,"63,400",7.50,7.50,7.40,0,0,0
29/12/2021,7.50,"32,800",7.50,7.60,7.40,0,0,0
28/12/2021,7.50,"35,200",7.40,7.60,7.40,0,0,0
27/12/2021,7.40,"61,000",7.60,7.60,7.30,0,0,0
24/12/2021,7.60,"62,005",7.60,7.60,7.30,0,0,0
23/12/2021,7.60,"87,814",7.80,7.90,7.30,0,0,0
22/12/2021,7.80,"120,840",7.20,7.90,7,0,0,0
21/12/2021,7.20,"142,600",7.20,7.20,7,0,0,0
20/12/2021,7.20,"60,800",7.20,7.30,7.10,0,"3,100",-0.0
17/12/2021,7.20,"48,800",7.20,7.30,7.20,0,0,0
16/12/2021,7.20,"82,600",7.10,7.20,7,100,0,0.0
15/12/2021,7.10,"31,200",7.20,7.20,7.10,"3,000",0,0.0
14/12/2021,7.20,"93,707",7.40,7.50,6.90,100,0,0.0
13/12/2021,7.40,"46,000",7.20,7.60,7,0,0,0
10/12/2021,7.20,"58,307",7.10,7.50,7,0,"3,200",-0.0
09/12/2021,7.10,"35,407",7.20,7.40,7,0,0,0
08/12/2021,7.20,"68,300",7.10,7.30,6.90,0,0,0
07/12/2021,7.10,"116,200",6.90,7.10,6.60,0,0,0
06/12/2021,6.90,"82,800",7.40,7.40,6.90,0,0,0
03/12/2021,7.40,"161,309",7.70,8.10,7.10,0,0,0
02/12/2021,7.70,"252,442",7,7.70,6.90,0,0,0
01/12/2021,7,"43,788",7,7,6.70,"3,100",0,0.0
30/11/2021,7,"108,800",6.70,7,6.70,100,0,0.0
29/11/2021,6.70,"68,900",6.90,7,6.50,0,0,0
26/11/2021,6.90,"105,700",7.30,7.30,6.80,0,0,0
25/11/2021,7.30,"67,100",7.30,7.50,7,0,"1,200",-0.0
24/11/2021,7.30,"96,509",6.90,7.40,6.90,0,0,0
23/11/2021,6.90,"186,900",7,7.30,6.40,0,"8,800",-0.1
22/11/2021,7,"221,600",7,7.50,6.80,0,"35,900",-0.2
19/11/2021,7,"134,757",6.80,7.10,6.70,"1,200",0,0.0
18/11/2021,6.80,"102,715",6.50,6.90,6.60,0,"12,000",-0.1
17/11/2021,6.50,"24,400",6.40,6.80,6.10,"6,000",300,0.0
16/11/2021,6.40,"116,509",6.90,7,6.30,"8,700","1,500",0.0
15/11/2021,6.90,"98,300",6.70,7.20,6.50,"6,300",200,0.0
12/11/2021,6.70,"85,500",6.20,6.70,6.30,600,"2,700",-0.0
11/11/2021,6.20,"59,224",5.70,6.20,5.60,"13,000",0,0.1
10/11/2021,5.70,"27,400",5.80,5.80,5.70,"3,100",0,0.0
09/11/2021,5.80,"53,600",5.70,6,5.70,0,0,0
08/11/2021,5.70,"78,800",5.80,5.80,5.60,0,0,0
05/11/2021,5.80,"66,824",6,6,5.50,400,0,0.0
04/11/2021,6,"34,105",6.20,6.20,5.80,100,"1,000",-0.0
03/11/2021,6.20,"125,700",5.80,6.20,5.70,"6,800","12,300",-0.0
02/11/2021,5.80,"191,024",5.30,5.80,5.40,"16,400",0,0.1
01/11/2021,5.30,"44,960",5.30,5.50,5.30,0,0,0
29/10/2021,5.30,"27,800",5.30,5.30,5.10,500,0,0.0
28/10/2021,5.30,"72,100",5.30,5.50,5.30,"10,000",0,0.1
27/10/2021,5.30,"88,700",5.20,5.50,5,"11,600",0,0.1
26/10/2021,5.20,"47,100",5.20,5.20,4.90,0,0,0
25/10/2021,5.20,"26,200",5.20,5.30,4.90,0,0,0
22/10/2021,5.20,"164,600",4.90,5.30,4.90,200,0,0.0
21/10/2021,4.90,"45,600",4.70,4.90,4.70,0,0,0
20/10/2021,4.70,"45,500",4.70,4.80,4.50,0,0,0
19/10/2021,4.70,"41,600",4.50,4.80,4.50,0,0,0
18/10/2021,4.50,"44,100",4.50,4.60,4.50,0,100,0
15/10/2021,4.50,"46,300",4.50,4.70,4.40,0,0,0
14/10/2021,4.50,"15,400",4.40,4.50,4.30,0,0,0
13/10/2021,4.40,"6,600",4.50,4.50,4.40,100,0,0.0
12/10/2021,4.50,"40,200",4.40,4.50,4.30,"1,000",0,0.0
11/10/2021,4.40,"2,100",4.40,4.40,4.30,0,0,0
08/10/2021,4.40,"10,100",4.50,4.50,4.30,0,0,0
07/10/2021,4.50,"14,400",4.30,4.50,4.30,0,0,0
06/10/2021,4.30,"30,000",4.50,4.50,4.30,0,0,0
05/10/2021,4.50,"14,800",4.50,4.50,4.30,0,0,0
04/10/2021,4.50,"25,400",4.30,4.60,4.20,"1,000",0,0.0
01/10/2021,4.30,"25,900",4.70,4.70,4.30,0,0,0
30/09/2021,4.70,"27,810",4.60,4.80,4.20,0,0,0
29/09/2021,4.60,"17,648",5,5,4.50,0,0,0
28/09/2021,5,"60,000",5,5,4.50,0,"23,500",-0.1
27/09/2021,5,"20,838",5.30,5.30,4.90,0,0,0
24/09/2021,5.30,"195,300",5.20,5.70,4.90,0,0,0
23/09/2021,5.20,"156,050",4.80,5.20,5.20,0,0,0
22/09/2021,4.80,"43,736",4.40,4.80,4.40,0,0,0
21/09/2021,4.40,"35,600",4.20,4.40,4.20,0,0,0
20/09/2021,4.20,"30,250",4,4.30,4,0,0,0
17/09/2021,4,"29,600",4.10,4.20,4,0,0,0
16/09/2021,4.10,"39,800",4.40,4.40,4,0,0,0
15/09/2021,4.40,"32,029",4,4.40,4,0,0,0
14/09/2021,4,"63,400",3.80,4.10,3.70,0,0,0
13/09/2021,3.80,"68,600",3.80,3.80,3.60,0,0,0
10/09/2021,3.80,"7,700",3.80,3.80,3.60,0,0,0
09/09/2021,3.80,600,3.90,3.90,3.80,0,0,0
08/09/2021,3.90,"4,600",3.90,3.90,3.80,0,0,0
07/09/2021,3.90,"19,200",3.80,4,3.80,0,0,0
06/09/2021,3.80,"29,900",3.80,3.90,3.60,0,0,0
01/09/2021,3.80,"4,200",3.70,3.80,3.60,0,0,0
31/08/2021,3.70,"13,600",3.80,3.80,3.60,0,0,0
30/08/2021,3.80,"29,800",3.50,3.80,3.50,0,0,0
27/08/2021,3.50,"3,000",3.50,3.50,3.40,0,0,0
26/08/2021,3.50,"9,200",3.40,3.50,3.40,0,0,0
25/08/2021,3.40,"13,600",3.50,3.50,3.40,0,0,0
24/08/2021,3.50,"5,800",3.50,3.50,3.40,0,0,0
23/08/2021,3.50,"13,400",3.50,3.50,3.40,0,0,0
20/08/2021,3.50,"9,400",3.50,3.50,3.40,0,0,0
19/08/2021,3.50,"18,200",3.60,3.60,3.40,0,0,0
18/08/2021,3.60,"8,700",3.60,3.60,3.40,0,0,0
17/08/2021,3.60,"8,300",3.60,3.60,3.50,0,0,0
16/08/2021,3.60,"33,000",3.30,3.60,3.40,0,0,0
13/08/2021,3.30,"26,300",3.30,3.40,3.20,0,0,0
12/08/2021,3.30,"49,900",3.30,3.40,3.20,0,0,0
11/08/2021,3.30,"10,200",3.30,3.30,3.20,0,0,0
10/08/2021,3.30,"36,800",3.20,3.30,3.10,0,0,0
09/08/2021,3.20,"10,600",3.20,3.30,3.20,0,0,0
06/08/2021,3.20,"60,600",3.30,3.30,3.10,0,0,0
05/08/2021,3.30,"81,000",3.20,3.30,3.10,0,0,0
04/08/2021,3.20,"2,800",3.20,3.30,3.10,0,0,0
03/08/2021,3.20,"4,400",3.20,3.20,3,0,0,0
02/08/2021,3.20,"59,600",3.40,3.40,3.10,0,0,0
30/07/2021,3.40,"26,800",3.40,3.40,3.10,0,0,0
29/07/2021,3.40,"44,800",3.50,3.50,3.20,0,0,0
28/07/2021,3.50,210,3.50,3.50,3.50,0,0,0
27/07/2021,3.50,"15,600",3.70,3.70,3.40,0,0,0
26/07/2021,3.70,"11,200",3.70,3.70,3.40,0,0,0
23/07/2021,3.70,"29,400",3.70,3.70,3.40,0,0,0
22/07/2021,3.70,"27,200",3.40,3.70,3.30,0,0,0
21/07/2021,3.40,"1,100",3.50,3.50,3.40,0,0,0
20/07/2021,3.50,400,3.60,3.60,3.50,0,0,0
19/07/2021,3.60,"6,100",3.80,3.80,3.60,0,0,0
16/07/2021,3.80,0,3.80,3.80,3.80,0,0,0
15/07/2021,3.80,"1,300",3.90,3.90,3.60,0,0,0
14/07/2021,3.90,"1,400",3.60,3.90,3.40,0,0,0
13/07/2021,3.60,"1,300",3.60,3.60,3.60,0,0,0
12/07/2021,3.60,"9,400",4,4,3.60,0,0,0
09/07/2021,4,100,4,4,4,0,0,0
08/07/2021,4,"2,600",4,4,3.80,0,0,0
07/07/2021,4,"9,100",4,4,3.60,0,0,0
06/07/2021,4,700,4,4,3.80,0,0,0
05/07/2021,4,200,4,4,4,0,0,0
02/07/2021,4,310,4,4,4,0,0,0
01/07/2021,4,"1,100",4,4,4,0,0,0
30/06/2021,4,"1,200",3.90,4,4,0,0,0
29/06/2021,3.90,0,3.90,3.90,3.90,0,0,0
28/06/2021,3.90,"1,900",4.10,4.10,3.80,0,0,0
25/06/2021,4.10,"1,606",4.10,4.10,4,0,0,0
24/06/2021,4.10,3,4.10,4.10,4.10,0,0,0
23/06/2021,4.10,200,4.10,4.10,4.10,0,0,0
22/06/2021,4.10,"4,500",4,4.10,4,0,0,0
21/06/2021,4,"4,200",4,4.10,3.90,0,0,0
18/06/2021,4,0,4,4,4,0,0,0
17/06/2021,4,400,4,4,3.90,0,0,0
16/06/2021,4,"1,900",4.10,4.10,4,0,0,0
15/06/2021,4.10,"9,100",4.10,4.10,4,0,"2,300",-0.0
14/06/2021,4.10,"9,410",4,4.10,4,"1,500",0,0.0
11/06/2021,4,"27,800",3.90,4,3.90,"3,000",0,0.0
10/06/2021,3.90,"7,200",4,4,3.90,0,0,0
09/06/2021,4,"5,700",4,4,3.90,0,0,0
08/06/2021,4,"12,100",4.10,4.10,3.90,0,0,0
07/06/2021,4.10,"15,200",4.10,4.10,4,0,0,0
04/06/2021,4.10,"5,900",4.10,4.40,4.10,0,0,0
03/06/2021,4.10,"11,700",4.50,4.50,4.10,0,0,0
02/06/2021,4.50,10,4.50,4.50,4.50,0,0,0
01/06/2021,4.50,500,4.80,4.80,4.50,0,0,0
31/05/2021,4.80,300,4.60,4.80,4.20,0,0,0
28/05/2021,4.60,0,4.60,4.60,4.60,0,0,0
27/05/2021,4.60,0,4.60,4.60,4.60,0,0,0
26/05/2021,4.60,"1,900",4.50,4.90,4.60,0,0,0
25/05/2021,4.50,0,4.50,4.50,4.50,0,0,0
24/05/2021,4.50,"3,900",4.90,4.90,4.50,0,0,0
21/05/2021,4.90,0,4.90,4.90,4.90,0,0,0
20/05/2021,4.90,0,4.90,4.90,4.90,0,0,0
19/05/2021,4.90,400,5,5,4.50,0,0,0
18/05/2021,5,"1,600",4.80,5,4.40,0,0,0
17/05/2021,4.80,200,5,5,4.80,0,0,0
14/05/2021,5,0,5,5,5,0,0,0
13/05/2021,5,0,5,5,5,0,0,0
12/05/2021,5,0,5,5,5,0,0,0
11/05/2021,5,909,4.80,5,4.80,0,0,0
10/05/2021,4.80,300,4.60,4.80,4.30,0,0,0
07/05/2021,4.60,"3,000",5.10,5.10,4.60,0,0,0
06/05/2021,5.10,0,5.10,5.10,5.10,0,0,0
05/05/2021,5.10,"2,500",5.20,5.20,4.80,0,0,0
04/05/2021,5.20,"1,200",5.20,5.20,4.80,0,0,0
29/04/2021,5.20,0,5.20,5.20,5.20,0,0,0
28/04/2021,5.20,300,5.30,5.30,5,0,0,0
27/04/2021,5.30,"1,000",5.30,5.30,5.20,0,800,-0.0
26/04/2021,5.30,"2,000",5.50,5.50,5.30,0,0,0
23/04/2021,5.50,"2,200",5.20,5.50,5.20,0,0,0
22/04/2021,5.20,"1,000",5.20,5.20,5.20,0,0,0
20/04/2021,5.20,"9,500",5.60,5.60,5.10,0,0,0
19/04/2021,5.60,"25,420",5.40,5.60,5.20,0,0,0
16/04/2021,5.40,"19,300",5.50,5.50,5.20,0,0,0
15/04/2021,5.50,"53,100",5.90,5.90,5.50,0,0,0
14/04/2021,5.90,"32,200",5.50,5.90,5.60,0,0,0
13/04/2021,5.50,"19,400",5.90,6.10,5.50,0,0,0
12/04/2021,5.90,"24,200",5.50,5.90,5.10,0,0,0
09/04/2021,5.50,200,5.20,5.50,4.80,0,0,0
08/04/2021,5.20,100,5.10,5.20,5.20,0,0,0
07/04/2021,5.10,"12,600",4.90,5.20,5.10,0,0,0
06/04/2021,4.90,"4,000",4.50,4.90,4.70,0,0,0
05/04/2021,4.50,"51,200",4.50,4.60,4.30,0,0,0
02/04/2021,4.50,"3,000",4.70,4.70,4.40,0,0,0
01/04/2021,4.70,"3,400",4.70,4.70,4.40,0,0,0
31/03/2021,4.70,0,4.70,4.70,4.70,0,0,0
30/03/2021,4.70,"2,200",4.60,4.70,4.40,0,0,0
29/03/2021,4.60,"1,000",4.60,4.60,4.30,0,0,0
26/03/2021,4.60,0,4.60,4.60,4.60,0,0,0
25/03/2021,4.60,0,4.60,4.60,4.60,0,0,0
24/03/2021,4.60,0,4.60,4.60,4.60,0,0,0
23/03/2021,4.60,0,4.60,4.60,4.60,0,0,0
22/03/2021,4.60,200,4.40,4.60,4.60,0,0,0
19/03/2021,4.40,200,4.20,4.40,4.40,0,0,0
18/03/2021,4.20,"2,500",4.20,4.30,4.20,0,0,0
17/03/2021,4.20,"3,000",4.50,4.50,4.20,0,0,0
16/03/2021,4.50,"1,000",5,5,4.50,0,0,0
15/03/2021,5,0,5,5,5,0,0,0
12/03/2021,5,100,4.90,5,5,0,0,0
11/03/2021,4.90,"3,500",4.90,4.90,4.90,0,0,0
10/03/2021,4.90,"6,900",4.90,5.20,4.50,0,0,0
09/03/2021,4.90,300,4.60,4.90,4.90,0,0,0
08/03/2021,4.60,"3,800",4.60,4.80,4.60,0,0,0
05/03/2021,4.60,"2,600",4.90,4.90,4.60,0,0,0
04/03/2021,4.90,"1,200",4.70,4.90,4.40,0,0,0
03/03/2021,4.70,0,4.70,4.70,4.70,0,0,0
02/03/2021,4.70,"1,900",5,5,4.60,0,0,0
01/03/2021,5,0,5,5,5,0,0,0
26/02/2021,5,100,4.80,5,5,0,0,0
25/02/2021,4.80,"7,100",4.70,5.10,4.80,0,0,0
24/02/2021,4.70,"4,100",5.20,5.20,4.70,0,0,0
23/02/2021,5.20,0,5.20,5.20,5.20,0,0,0
22/02/2021,5.20,0,5.20,5.20,5.20,0,0,0
19/02/2021,5.20,"2,300",5.10,5.50,5.20,0,0,0
18/02/2021,5.10,0,5.10,5.10,5.10,0,0,0
17/02/2021,5.10,100,4.70,5.10,5.10,0,0,0
09/02/2021,4.70,"11,000",5.10,5.10,4.70,0,0,0
08/02/2021,5.10,0,5.10,5.10,5.10,0,0,0
05/02/2021,5.10,100,4.90,5.10,5.10,0,0,0
04/02/2021,4.90,0,4.90,4.90,4.90,0,0,0
03/02/2021,4.90,0,4.90,4.90,4.90,0,0,0
02/02/2021,4.90,"4,000",4.90,4.90,4.90,0,0,0
01/02/2021,4.90,"7,000",4.90,4.90,4.90,0,0,0
29/01/2021,4.90,0,4.90,4.90,4.90,0,0,0
28/01/2021,4.90,"4,900",5,5,4.80,0,0,0
27/01/2021,5,"12,900",5.30,5.30,4.80,0,0,0
26/01/2021,5.30,0,5.30,5.30,5.30,0,0,0
25/01/2021,5.30,0,5.30,5.30,5.30,0,0,0
22/01/2021,5.30,0,5.30,5.30,5.30,0,0,0
21/01/2021,5.30,"4,100",5.10,5.40,5.30,0,0,0
20/01/2021,5.10,0,5.10,5.10,5.10,0,0,0
19/01/2021,5.10,"8,300",4.70,5.10,4.70,0,0,0
18/01/2021,4.70,"2,100",5.20,5.20,4.70,0,0,0
15/01/2021,5.20,300,5.20,5.20,5.20,0,0,0
14/01/2021,5.20,"1,400",5.20,5.20,4.70,0,0,0
13/01/2021,5.20,"3,701",5.30,5.30,4.80,0,0,0
12/01/2021,5.30,300,5.40,5.40,4.90,0,0,0
11/01/2021,5.40,0,5.40,5.40,5.40,0,0,0
08/01/2021,5.40,0,5.40,5.40,5.40,0,0,0
07/01/2021,5.40,0,5.40,5.40,5.40,0,0,0
06/01/2021,5.40,500,5.40,5.40,5.40,0,0,0
05/01/2021,5.40,100,5,5.40,5.40,0,0,0
04/01/2021,5,200,4.60,5,5,0,0,0
31/12/2020,4.60,"1,200",4.20,4.60,4.60,0,0,0
30/12/2020,4.20,"5,000",3.90,4.20,4.20,0,0,0
29/12/2020,3.90,0,3.90,3.90,3.90,0,0,0
28/12/2020,3.90,0,3.90,3.90,3.90,0,0,0
25/12/2020,3.90,600,4.20,4.20,3.90,0,0,0
24/12/2020,4.20,400,4.20,4.20,4.20,0,0,0
23/12/2020,4.20,700,4.40,4.40,4.20,0,0,0
22/12/2020,4.40,110,4.40,4.40,4.40,0,0,0
21/12/2020,4.40,"14,909",4,4.40,4.40,0,0,0
18/12/2020,4,100,4.20,4.20,4,0,0,0
17/12/2020,4.20,200,4.40,4.40,4.20,0,0,0
16/12/2020,4.40,100,4.40,4.40,4.40,0,0,0
15/12/2020,4.40,0,4.40,4.40,4.40,0,0,0
14/12/2020,4.40,111,4.70,4.70,4.40,0,0,0
11/12/2020,4.70,0,4.70,4.70,4.70,0,0,0
10/12/2020,4.70,300,4.30,4.70,4.70,0,0,0
09/12/2020,4.30,0,4.30,4.30,4.30,0,0,0
08/12/2020,4.30,0,4.30,4.30,4.30,0,0,0
07/12/2020,4.30,"8,889",4.30,4.70,4.30,0,0,0
04/12/2020,4.30,0,4.30,4.30,4.30,0,0,0
03/12/2020,4.30,"17,200",4.50,4.70,4.30,0,0,0
02/12/2020,4.50,"5,200",4.50,4.50,4.50,0,0,0
01/12/2020,4.50,"3,300",4.50,4.90,4.50,0,0,0
30/11/2020,4.50,"2,700",4.60,4.90,4.50,0,0,0
27/11/2020,4.60,"5,101",4.20,4.60,4.40,0,0,0
26/11/2020,4.20,"1,400",3.90,4.20,4.10,0,0,0
25/11/2020,3.90,"2,300",3.60,3.90,3.90,0,0,0
24/11/2020,3.60,0,3.60,3.60,3.60,0,0,0
23/11/2020,3.60,"3,901",3.70,3.90,3.60,0,0,0
20/11/2020,3.70,"4,010",3.80,3.90,3.60,0,0,0
19/11/2020,3.80,"1,100",4,4,3.80,0,0,0
18/11/2020,4,910,4.30,4.70,4,0,0,0
17/11/2020,4.30,500,4.50,4.50,4.30,0,0,0
16/11/2020,4.50,"17,231",4.80,4.80,4.40,0,0,0
13/11/2020,4.80,"622,410",4.80,4.80,4.50,0,0,0
12/11/2020,4.80,200,4.50,4.80,4.80,0,0,0
11/11/2020,4.50,"26,610",4.10,4.50,4.10,0,0,0
10/11/2020,4.10,"4,220,510",3.80,4.10,3.80,"2,955,900",0,11.5
09/11/2020,3.80,"16,000",3.80,3.80,3.80,0,0,0
06/11/2020,3.80,"24,000",3.60,3.80,3.30,0,"20,800",-0.1
05/11/2020,3.60,200,4,4,3.60,100,100,0
04/11/2020,4,"4,900",4,4,3.80,0,0,0
03/11/2020,4,0,4,4,4,0,0,0
02/11/2020,4,0,4,4,4,0,0,0
30/10/2020,4,0,4,4,4,0,0,0
29/10/2020,4,0,4,4,4,0,0,0
28/10/2020,4,"1,500",4,4,3.60,0,"1,400",-0.0
27/10/2020,4,400,4.20,4.20,4,0,0,0
26/10/2020,4.20,0,4.20,4.20,4.20,0,0,0
23/10/2020,4.20,"1,100",3.90,4.20,3.60,0,0,0
22/10/2020,3.90,0,3.90,3.90,3.90,0,0,0
21/10/2020,3.90,0,3.90,3.90,3.90,0,0,0
20/10/2020,3.90,0,3.90,3.90,3.90,0,0,0
19/10/2020,3.90,"1,000",3.90,3.90,3.90,0,"1,000",-0.0
16/10/2020,3.90,400,4.20,4.20,3.90,0,0,0
15/10/2020,4.20,100,4.20,4.20,4.20,0,0,0
14/10/2020,4.20,0,4.20,4.20,4.20,0,0,0
13/10/2020,4.20,"11,000",4.60,4.60,4.20,0,0,0
12/10/2020,4.60,0,4.60,4.60,4.60,0,0,0
09/10/2020,4.60,1,4.60,4.60,4.60,0,0,0
08/10/2020,4.60,100,4.20,4.60,4.60,0,0,0
07/10/2020,4.20,"15,300",4.60,4.60,4.20,0,0,0
06/10/2020,4.60,0,4.60,4.60,4.60,0,0,0
05/10/2020,4.60,0,4.60,4.60,4.60,0,0,0
02/10/2020,4.60,0,4.60,4.60,4.60,0,0,0
01/10/2020,4.60,0,4.60,4.60,4.60,0,0,0
30/09/2020,4.60,0,4.60,4.60,4.60,0,0,0
29/09/2020,4.60,0,4.60,4.60,4.60,0,0,0
28/09/2020,4.60,0,4.60,4.60,4.60,0,0,0
25/09/2020,4.60,0,4.60,4.60,4.60,0,0,0
24/09/2020,4.60,0,4.60,4.60,4.60,0,0,0
23/09/2020,4.60,0,4.60,4.60,4.60,0,0,0
22/09/2020,4.60,0,4.60,4.60,4.60,0,0,0
21/09/2020,4.60,0,4.60,4.60,4.60,0,0,0
18/09/2020,4.60,0,4.60,4.60,4.60,0,0,0
17/09/2020,4.60,0,4.60,4.60,4.60,0,0,0
16/09/2020,4.60,0,4.60,4.60,4.60,0,0,0
15/09/2020,4.60,0,4.60,4.60,4.60,0,0,0
14/09/2020,4.60,0,4.60,4.60,4.60,0,0,0
11/09/2020,4.60,"1,900",4.40,4.60,4.40,0,0,0
10/09/2020,4.40,0,4.40,4.40,4.40,0,0,0
09/09/2020,4.40,0,4.40,4.40,4.40,0,0,0
08/09/2020,4.40,0,4.40,4.40,4.40,0,0,0
07/09/2020,4.40,"7,000",4.20,4.40,4.20,0,0,0
04/09/2020,4.20,"4,900",4.10,4.20,4.10,0,0,0
03/09/2020,4.10,"6,600",3.90,4.10,3.90,0,0,0
01/09/2020,3.90,0,3.90,3.90,3.90,0,0,0
31/08/2020,3.90,"2,000",3.60,3.90,3.90,0,0,0
28/08/2020,3.60,"9,300",4,4,3.60,0,0,0
27/08/2020,4,"6,200",4.20,4.40,3.80,0,0,0
26/08/2020,4.20,"1,000",4.60,4.60,4.20,0,0,0
25/08/2020,4.60,0,4.60,4.60,4.60,0,0,0
24/08/2020,4.60,0,4.60,4.60,4.60,0,0,0
21/08/2020,4.60,400,4.60,4.60,4.20,0,0,0
20/08/2020,4.60,0,4.60,4.60,4.60,0,0,0
19/08/2020,4.60,"1,000",4.70,4.70,4.60,0,0,0
18/08/2020,4.70,"2,100",4.60,4.70,4.20,0,0,0
17/08/2020,4.60,0,4.60,4.60,4.60,0,0,0
14/08/2020,4.60,0,4.60,4.60,4.60,0,0,0
13/08/2020,4.60,200,4.40,4.60,4.60,0,0,0
12/08/2020,4.40,800,4.40,4.40,4.40,0,0,0
11/08/2020,4.40,0,4.40,4.40,4.40,0,0,0
10/08/2020,4.40,200,4.40,4.40,4,0,0,0
07/08/2020,4.40,0,4.40,4.40,4.40,0,0,0
06/08/2020,4.40,0,4.40,4.40,4.40,0,0,0
05/08/2020,4.40,0,4.40,4.40,4.40,0,0,0
04/08/2020,4.40,"2,800",4.40,4.40,4.40,0,0,0
03/08/2020,4.40,"1,100",4.40,4.40,4,0,0,0
31/07/2020,4.40,0,4.40,4.40,4.40,0,0,0
30/07/2020,4.40,0,4.40,4.40,4.40,0,0,0
29/07/2020,4.40,0,4.40,4.40,4.40,0,0,0
28/07/2020,4.40,0,4.40,4.40,4.40,0,0,0
27/07/2020,4.40,"42,700",4.40,4.40,4.30,0,0,0
24/07/2020,4.40,"31,000",4.80,4.80,4.40,0,0,0
23/07/2020,4.80,0,4.80,4.80,4.80,0,0,0
22/07/2020,4.80,"4,500",4.70,4.80,4.60,0,0,0
21/07/2020,4.70,0,4.70,4.70,4.70,0,0,0
20/07/2020,4.70,"10,400",4.40,4.80,4.50,0,0,0
17/07/2020,4.40,0,4.40,4.40,4.40,0,0,0
16/07/2020,4.40,"1,200",4.30,4.40,4.40,0,0,0
15/07/2020,4.30,"6,800",4.70,4.70,4.30,0,0,0
14/07/2020,4.70,"8,000",4.80,4.80,4.40,0,0,0
13/07/2020,4.80,0,4.80,4.80,4.80,0,0,0
10/07/2020,4.80,0,4.80,4.80,4.80,0,0,0
09/07/2020,4.80,0,4.80,4.80,4.80,0,0,0
08/07/2020,4.80,0,4.80,4.80,4.80,0,0,0
07/07/2020,4.80,0,4.80,4.80,4.80,0,0,0
06/07/2020,4.80,0,4.80,4.80,4.80,0,0,0
03/07/2020,4.80,200,4.80,4.80,4.80,0,0,0
02/07/2020,4.80,"2,100",4.50,4.80,4.60,0,0,0
01/07/2020,4.50,0,4.50,4.50,4.50,0,0,0
30/06/2020,4.50,700,4.50,4.50,4.20,0,0,0
29/06/2020,4.50,"4,400",4.60,4.60,4.40,0,0,0
26/06/2020,4.60,300,4.60,4.60,4.30,0,0,0
25/06/2020,4.60,500,4.60,4.60,4.20,0,0,0
24/06/2020,4.60,"3,800",4.60,4.60,4.20,0,0,0
23/06/2020,4.60,"1,032,300",5.10,5.10,4.60,0,0,0
22/06/2020,5.10,400,5.60,5.60,5.10,0,0,0
19/06/2020,5.60,"3,300",6.20,6.20,5.60,0,0,0
18/06/2020,6.20,100,6.80,6.80,6.20,0,0,0
17/06/2020,6.80,0,6.80,6.80,6.80,0,0,0
16/06/2020,6.80,0,6.80,6.80,6.80,0,0,0
15/06/2020,6.80,0,6.80,6.80,6.80,0,0,0
12/06/2020,6.80,0,6.80,6.80,6.80,0,0,0
11/06/2020,6.80,0,6.80,6.80,6.80,0,0,0
10/06/2020,6.80,"1,300",7,7,6.80,0,0,0
09/06/2020,7,0,7,7,7,0,0,0
08/06/2020,7,0,7,7,7,0,0,0
05/06/2020,7,0,7,7,7,0,0,0
04/06/2020,7,0,7,7,7,0,0,0
03/06/2020,7,100,6.80,7,7,0,0,0
02/06/2020,6.80,0,6.80,6.80,6.80,0,0,0
01/06/2020,6.80,400,6.80,7.20,6.80,0,0,0
29/05/2020,6.80,0,6.80,6.80,6.80,0,0,0
28/05/2020,6.80,100,6.30,6.80,6.80,0,0,0
27/05/2020,6.30,0,6.30,6.30,6.30,0,0,0
26/05/2020,6.30,0,6.30,6.30,6.30,0,0,0
25/05/2020,6.30,0,6.30,6.30,6.30,0,0,0
22/05/2020,6.30,0,6.30,6.30,6.30,0,0,0
21/05/2020,6.30,0,6.30,6.30,6.30,0,0,0
20/05/2020,6.30,100,6,6.30,6.30,0,0,0
19/05/2020,6,100,5.80,6,6,0,0,0
18/05/2020,5.80,0,5.80,5.80,5.80,0,0,0
15/05/2020,5.80,0,5.80,5.80,5.80,0,0,0
14/05/2020,5.80,0,5.80,5.80,5.80,0,0,0
13/05/2020,5.80,0,5.80,5.80,5.80,0,0,0
12/05/2020,5.80,0,5.80,5.80,5.80,0,0,0
11/05/2020,5.80,100,5.50,5.80,5.80,0,0,0
08/05/2020,5.50,0,5.50,5.50,5.50,0,0,0
07/05/2020,5.50,100,5.10,5.50,5.50,0,0,0
06/05/2020,5.10,100,4.70,5.10,5.10,0,0,0
05/05/2020,4.70,"1,000",4.90,4.90,4.60,0,0,0
04/05/2020,4.90,0,4.90,4.90,4.90,0,0,0
29/04/2020,4.90,700,4.90,4.90,4.70,0,0,0
28/04/2020,4.90,"4,400",5.10,5.50,4.60,0,0,0
27/04/2020,5.10,"3,600",4.90,5.10,4.90,0,0,0
24/04/2020,4.90,"3,300",4.90,5,4.90,0,0,0
23/04/2020,4.90,200,4.70,4.90,4.80,0,0,0
22/04/2020,4.70,"1,200",4.70,4.70,4.70,0,0,0
21/04/2020,4.70,"10,100",4.90,4.90,4.70,0,0,0
20/04/2020,4.90,"10,600",4.80,4.90,4.70,0,0,0
17/04/2020,4.80,"156,400",4.40,4.80,4.30,0,0,0
16/04/2020,4.40,"2,000",4.60,4.60,4.30,0,0,0
15/04/2020,4.60,"1,200",4.80,5,4.40,0,0,0
14/04/2020,4.80,"190,600",4.40,4.80,4.30,0,0,0
13/04/2020,4.40,"48,000",4.50,4.70,4.30,0,"5,000",-0.0
10/04/2020,4.50,"208,500",4.90,4.90,4.50,0,0,0
09/04/2020,4.90,200,5.40,5.40,4.90,0,0,0
08/04/2020,5.40,100,6,6,5.40,0,0,0
07/04/2020,6,100,6.60,6.60,6,0,0,0
06/04/2020,6.60,"150,000",7.30,7.30,6.60,0,0,0
03/04/2020,7.30,0,7.30,7.30,7.30,0,0,0
01/04/2020,7.30,0,7.30,7.30,7.30,0,0,0
31/03/2020,7.30,0,7.30,7.30,7.30,0,0,0
30/03/2020,7.30,0,7.30,7.30,7.30,0,0,0
27/03/2020,7.30,0,7.30,7.30,7.30,0,0,0
26/03/2020,7.30,0,7.30,7.30,7.30,0,0,0
25/03/2020,7.30,0,7.30,7.30,7.30,0,0,0
24/03/2020,7.30,0,7.30,7.30,7.30,0,0,0
23/03/2020,7.30,0,7.30,7.30,7.30,0,0,0
20/03/2020,7.30,0,7.30,7.30,7.30,0,0,0
19/03/2020,7.30,0,7.30,7.30,7.30,0,0,0
18/03/2020,7.30,0,7.30,7.30,7.30,0,0,0
17/03/2020,7.30,0,7.30,7.30,7.30,0,0,0
16/03/2020,7.30,100,6.70,7.30,7.30,0,0,0
13/03/2020,6.70,"5,000",7.40,7.40,6.70,"5,000",0,0.0
12/03/2020,7.40,0,7.40,7.40,7.40,0,0,0
11/03/2020,7.40,0,7.40,7.40,7.40,0,0,0
10/03/2020,7.40,0,7.40,7.40,7.40,0,0,0
09/03/2020,7.40,0,7.40,7.40,7.40,0,0,0
06/03/2020,7.40,0,7.40,7.40,7.40,0,0,0
05/03/2020,7.40,0,7.40,7.40,7.40,0,0,0
04/03/2020,7.40,0,7.40,7.40,7.40,0,0,0
03/03/2020,7.40,0,7.40,7.40,7.40,0,0,0
02/03/2020,7.40,0,7.40,7.40,7.40,0,0,0
28/02/2020,7.40,0,7.40,7.40,7.40,0,0,0
27/02/2020,7.40,0,7.40,7.40,7.40,0,0,0
26/02/2020,7.40,0,7.40,7.40,7.40,0,0,0
25/02/2020,7.40,0,7.40,7.40,7.40,0,0,0
24/02/2020,7.40,0,7.40,7.40,7.40,0,0,0
21/02/2020,7.40,0,7.40,7.40,7.40,0,0,0
20/02/2020,7.40,0,7.40,7.40,7.40,0,0,0
19/02/2020,7.40,0,7.40,7.40,7.40,0,0,0
18/02/2020,7.40,0,7.40,7.40,7.40,0,0,0
17/02/2020,7.40,100,6.90,7.40,7.40,0,0,0
14/02/2020,6.90,0,6.90,6.90,6.90,0,0,0
13/02/2020,6.90,0,6.90,6.90,6.90,0,0,0
12/02/2020,6.90,0,6.90,6.90,6.90,0,0,0
11/02/2020,6.90,0,6.90,6.90,6.90,0,0,0
10/02/2020,6.90,0,6.90,6.90,6.90,0,0,0
07/02/2020,6.90,0,6.90,6.90,6.90,0,0,0
06/02/2020,6.90,0,6.90,6.90,6.90,0,0,0
05/02/2020,6.90,100,6.30,6.90,6.90,0,0,0
04/02/2020,6.30,0,6.30,6.30,6.30,0,0,0
03/02/2020,6.30,0,6.30,6.30,6.30,0,0,0
31/01/2020,6.30,0,6.30,6.30,6.30,0,0,0
30/01/2020,6.30,0,6.30,6.30,6.30,0,0,0
22/01/2020,6.30,100,7,7,6.30,0,0,0
21/01/2020,7,0,7,7,7,0,0,0
20/01/2020,7,0,7,7,7,0,0,0
17/01/2020,7,0,7,7,7,0,0,0
16/01/2020,7,0,7,7,7,0,0,0
15/01/2020,7,0,7,7,7,0,0,0
14/01/2020,7,0,7,7,7,0,0,0
13/01/2020,7,0,7,7,7,0,0,0
10/01/2020,7,0,7,7,7,0,0,0
09/01/2020,7,0,7,7,7,0,0,0
08/01/2020,7,0,7,7,7,0,0,0
07/01/2020,7,0,7,7,7,0,0,0
06/01/2020,7,0,7,7,7,0,0,0
03/01/2020,7,0,7,7,7,0,0,0
02/01/2020,7,100,6.60,7,7,0,0,0
31/12/2019,6.60,0,6.60,6.60,6.60,0,0,0
30/12/2019,6.60,"1,000",6.80,6.80,6.50,0,0,0
27/12/2019,6.80,0,6.80,6.80,6.80,0,0,0
26/12/2019,6.80,0,6.80,6.80,6.80,0,0,0
25/12/2019,6.80,0,6.80,6.80,6.80,0,0,0
24/12/2019,6.80,0,6.80,6.80,6.80,0,0,0
23/12/2019,6.80,0,6.80,6.80,6.80,0,0,0
20/12/2019,6.80,0,6.80,6.80,6.80,0,0,0
19/12/2019,6.80,100,6.20,6.80,6.80,0,0,0
18/12/2019,6.20,700,6.20,6.20,6,0,0,0
17/12/2019,6.20,0,6.20,6.20,6.20,0,0,0
16/12/2019,6.20,0,6.20,6.20,6.20,0,0,0
13/12/2019,6.20,"1,200",6.60,6.60,6,0,0,0
12/12/2019,6.60,0,6.60,6.60,6.60,0,0,0
11/12/2019,6.60,0,6.60,6.60,6.60,0,0,0
10/12/2019,6.60,0,6.60,6.60,6.60,0,0,0
09/12/2019,6.60,100,6,6.60,6.60,0,0,0
06/12/2019,6,0,6,6,6,0,0,0
05/12/2019,6,0,6,6,6,0,0,0
04/12/2019,6,0,6,6,6,0,0,0
03/12/2019,6,0,6,6,6,0,0,0
02/12/2019,6,0,6,6,6,0,0,0
29/11/2019,6,"2,000",6,6,6,0,0,0
28/11/2019,6,0,6,6,6,0,0,0
27/11/2019,6,0,6,6,6,0,0,0
26/11/2019,6,0,6,6,6,0,0,0
25/11/2019,6,0,6,6,6,0,0,0
22/11/2019,6,0,6,6,6,0,0,0
21/11/2019,6,0,6,6,6,0,0,0
20/11/2019,6,0,6,6,6,0,0,0
19/11/2019,6,100,5.50,6,6,0,0,0
18/11/2019,5.50,0,5.50,5.50,5.50,0,0,0
15/11/2019,5.50,0,5.50,5.50,5.50,0,0,0
14/11/2019,5.50,0,5.50,5.50,5.50,0,0,0
13/11/2019,5.50,0,5.50,5.50,5.50,0,0,0
12/11/2019,5.50,0,5.50,5.50,5.50,0,0,0
11/11/2019,5.50,0,5.50,5.50,5.50,0,0,0
08/11/2019,5.50,0,5.50,5.50,5.50,0,0,0
07/11/2019,5.50,0,5.50,5.50,5.50,0,0,0
06/11/2019,5.50,0,5.50,5.50,5.50,0,0,0
05/11/2019,5.50,0,5.50,5.50,5.50,0,0,0
04/11/2019,5.50,0,5.50,5.50,5.50,0,0,0
01/11/2019,5.50,0,5.50,5.50,5.50,0,0,0
31/10/2019,5.50,100,5.20,5.50,5.50,0,0,0
30/10/2019,5.20,0,5.20,5.20,5.20,0,0,0
29/10/2019,5.20,0,5.20,5.20,5.20,0,0,0
28/10/2019,5.20,"6,100",5.20,5.20,5,0,0,0
25/10/2019,5.20,0,5.20,5.20,5.20,0,0,0
24/10/2019,5.20,0,5.20,5.20,5.20,0,0,0
23/10/2019,5.20,0,5.20,5.20,5.20,0,0,0
22/10/2019,5.20,0,5.20,5.20,5.20,0,0,0
21/10/2019,5.20,0,5.20,5.20,5.20,0,0,0
18/10/2019,5.20,600,5.20,5.20,5,0,0,0
17/10/2019,5.20,0,5.20,5.20,5.20,0,0,0
16/10/2019,5.20,"9,700",5.20,5.20,5,0,0,0
15/10/2019,5.20,0,5.20,5.20,5.20,0,0,0
14/10/2019,5.20,400,5,5.20,4.80,0,0,0
11/10/2019,5,0,5,5,5,0,0,0
10/10/2019,5,"1,300",5.30,5.30,5,0,0,0
09/10/2019,5.30,"4,900",5.40,5.40,5,0,0,0
08/10/2019,5.40,0,5.40,5.40,5.40,0,0,0
07/10/2019,5.40,0,5.40,5.40,5.40,0,0,0
04/10/2019,5.40,0,5.40,5.40,5.40,0,0,0
03/10/2019,5.40,0,5.40,5.40,5.40,0,0,0
02/10/2019,5.40,"60,200",5.40,5.40,4.90,0,0,0
01/10/2019,5.40,200,5,5.40,5,0,0,0
30/09/2019,5,"2,000",5.30,5.30,5,0,0,0
27/09/2019,5.30,0,5.30,5.30,5.30,0,0,0
26/09/2019,5.30,600,5.50,5.50,5,0,0,0
25/09/2019,5.50,100,5,5.50,5.50,0,0,0
24/09/2019,5,"10,500",5.10,5.10,5,0,0,0
23/09/2019,5.10,0,5.10,5.10,5.10,0,0,0
20/09/2019,5.10,0,5.10,5.10,5.10,0,0,0
19/09/2019,5.10,300,5,5.10,5.10,0,0,0
18/09/2019,5,"2,500",5,5,5,0,0,0
17/09/2019,5,0,5,5,5,0,0,0
16/09/2019,5,"4,200",5.10,5.10,5,0,0,0
13/09/2019,5.10,0,5.10,5.10,5.10,0,0,0
12/09/2019,5.10,500,5,5.10,5.10,0,0,0
11/09/2019,5,0,5,5,5,0,0,0
10/09/2019,5,"1,600",5,5,5,0,0,0
09/09/2019,5,500,4.90,5,5,0,0,0
06/09/2019,4.90,800,4.90,4.90,4.90,0,0,0
05/09/2019,4.90,"5,200",5.10,5.10,4.90,0,0,0
04/09/2019,5.10,0,5.10,5.10,5.10,0,0,0
03/09/2019,5.10,0,5.10,5.10,5.10,0,0,0
30/08/2019,5.10,0,5.10,5.10,5.10,0,0,0
29/08/2019,5.10,0,5.10,5.10,5.10,0,0,0
28/08/2019,5.10,0,5.10,5.10,5.10,0,0,0
27/08/2019,5.10,0,5.10,5.10,5.10,0,0,0
26/08/2019,5.10,200,5.10,5.10,5.10,0,0,0
23/08/2019,5.10,"2,500",5.10,5.20,5.10,0,0,0
22/08/2019,5.10,"4,500",5.10,5.10,5.10,0,0,0
21/08/2019,5.10,"5,500",5.10,5.10,5.10,0,0,0
20/08/2019,5.10,"7,800",5,5.10,5,0,0,0
19/08/2019,5,500,5.10,5.10,5,0,0,0
16/08/2019,5.10,"14,000",5.20,5.20,5.10,0,0,0
15/08/2019,5.20,"19,200",5.50,5.50,5.10,0,0,0
14/08/2019,5.50,0,5.50,5.50,5.50,0,0,0
13/08/2019,5.50,900,5.80,5.80,5.50,0,0,0
12/08/2019,5.80,0,5.80,5.80,5.80,0,0,0
09/08/2019,5.80,0,5.80,5.80,5.80,0,0,0
08/08/2019,5.80,0,5.80,5.80,5.80,0,0,0
07/08/2019,5.80,0,5.80,5.80,5.80,0,0,0
06/08/2019,5.80,0,5.80,5.80,5.80,0,0,0
05/08/2019,5.80,0,5.80,5.80,5.80,0,0,0
02/08/2019,5.80,0,5.80,5.80,5.80,0,0,0
01/08/2019,5.80,0,5.80,5.80,5.80,0,0,0
31/07/2019,5.80,0,5.80,5.80,5.80,0,0,0
30/07/2019,5.80,0,5.80,5.80,5.80,0,0,0
29/07/2019,5.80,0,5.80,5.80,5.80,0,0,0
26/07/2019,5.80,0,5.80,5.80,5.80,0,0,0
25/07/2019,5.80,0,5.80,5.80,5.80,0,0,0
24/07/2019,5.80,0,5.80,5.80,5.80,0,0,0
23/07/2019,5.80,0,5.80,5.80,5.80,0,0,0
22/07/2019,5.80,0,5.80,5.80,5.80,0,0,0
19/07/2019,5.80,0,5.80,5.80,5.80,0,0,0
18/07/2019,5.80,100,6.40,6.40,5.80,0,0,0
17/07/2019,6.40,0,6.40,6.40,6.40,0,0,0
16/07/2019,6.40,0,6.40,6.40,6.40,0,0,0
15/07/2019,6.40,0,6.40,6.40,6.40,0,0,0
12/07/2019,6.40,0,6.40,6.40,6.40,0,0,0
11/07/2019,6.40,0,6.40,6.40,6.40,0,0,0
10/07/2019,6.40,0,6.40,6.40,6.40,0,0,0
09/07/2019,6.40,0,6.40,6.40,6.40,0,0,0
08/07/2019,6.40,0,6.40,6.40,6.40,0,0,0
05/07/2019,6.40,0,6.40,6.40,6.40,0,0,0
04/07/2019,6.40,0,6.40,6.40,6.40,0,0,0
03/07/2019,6.40,0,6.40,6.40,6.40,0,0,0
02/07/2019,6.40,0,6.40,6.40,6.40,0,0,0
01/07/2019,6.40,0,6.40,6.40,6.40,0,0,0
28/06/2019,6.40,0,6.40,6.40,6.40,0,0,0
27/06/2019,6.40,0,6.40,6.40,6.40,0,0,0
26/06/2019,6.40,0,6.40,6.40,6.40,0,0,0
25/06/2019,6.40,0,6.40,6.40,6.40,0,0,0
24/06/2019,6.40,0,6.40,6.40,6.40,0,0,0
21/06/2019,6.40,0,6.40,6.40,6.40,0,0,0
20/06/2019,6.40,0,6.40,6.40,6.40,0,0,0
19/06/2019,6.40,0,6.40,6.40,6.40,0,0,0
18/06/2019,6.40,719,7.10,7.10,6.40,0,0,0
17/06/2019,7.10,0,7.10,7.10,7.10,0,0,0
14/06/2019,7.10,0,7.10,7.10,7.10,0,0,0
13/06/2019,7.10,0,7.10,7.10,7.10,0,0,0
12/06/2019,7.10,0,7.10,7.10,7.10,0,0,0
11/06/2019,7.10,100,6.60,7.10,7.10,0,0,0
10/06/2019,6.60,0,6.60,6.60,6.60,0,0,0
07/06/2019,6.60,0,6.60,6.60,6.60,0,0,0
06/06/2019,6.60,0,6.60,6.60,6.60,0,0,0
05/06/2019,6.60,0,6.60,6.60,6.60,0,0,0
04/06/2019,6.60,0,6.60,6.60,6.60,0,0,0
03/06/2019,6.60,0,6.60,6.60,6.60,0,0,0
31/05/2019,6.60,0,6.60,6.60,6.60,0,0,0
30/05/2019,6.60,100,6,6.60,6.60,0,0,0
29/05/2019,6,0,6,6,6,0,0,0
28/05/2019,6,0,6,6,6,0,0,0
27/05/2019,6,0,6,6,6,0,0,0
24/05/2019,6,0,6,6,6,0,0,0
23/05/2019,6,0,6,6,6,0,0,0
22/05/2019,6,0,6,6,6,0,0,0
21/05/2019,6,0,6,6,6,0,0,0
20/05/2019,6,0,6,6,6,0,0,0
17/05/2019,6,"30,000",6.30,6.30,6,0,0,0
16/05/2019,6.30,0,6.30,6.30,6.30,0,0,0
15/05/2019,6.30,0,6.30,6.30,6.30,0,0,0
14/05/2019,6.30,0,6.30,6.30,6.30,0,0,0
13/05/2019,6.30,0,6.30,6.30,6.30,0,0,0
10/05/2019,6.30,0,6.30,6.30,6.30,0,0,0
09/05/2019,6.30,0,6.30,6.30,6.30,0,0,0
08/05/2019,6.30,400,6.50,6.50,6.30,0,0,0
07/05/2019,6.50,0,6.50,6.50,6.50,0,0,0
06/05/2019,6.50,0,6.50,6.50,6.50,0,0,0
03/05/2019,6.50,0,6.50,6.50,6.50,0,0,0
02/05/2019,6.50,0,6.50,6.50,6.50,0,0,0
26/04/2019,6.50,0,6.50,6.50,6.50,0,0,0
25/04/2019,6.50,110,6,6.50,6.50,0,0,0
24/04/2019,6,0,6,6,6,0,0,0
23/04/2019,6,0,6,6,6,0,0,0
22/04/2019,6,0,6,6,6,0,0,0
19/04/2019,6,0,6,6,6,0,0,0
18/04/2019,6,0,6,6,6,0,0,0
17/04/2019,6,0,6,6,6,0,0,0
16/04/2019,6,0,6,6,6,0,0,0
12/04/2019,6,0,6,6,6,0,0,0
11/04/2019,6,600,5.90,6,5.40,0,0,0
10/04/2019,5.90,0,5.90,5.90,5.90,0,0,0
09/04/2019,5.90,"1,500",5.40,5.90,5.40,0,0,0
08/04/2019,5.40,0,5.40,5.40,5.40,0,0,0
05/04/2019,5.40,"3,000",5.50,5.50,5.20,0,0,0
04/04/2019,5.50,300,5.90,5.90,5.40,0,100,-0.0
03/04/2019,5.90,0,5.90,5.90,5.90,0,0,0
02/04/2019,5.90,0,5.90,5.90,5.90,0,0,0
01/04/2019,5.90,0,5.90,5.90,5.90,0,0,0
29/03/2019,5.90,0,5.90,5.90,5.90,0,0,0
28/03/2019,5.90,0,5.90,5.90,5.90,0,0,0
27/03/2019,5.90,"1,200",5.60,6,5.20,0,0,0
26/03/2019,5.60,"2,400",6.20,6.20,5.60,0,0,0
25/03/2019,6.20,100,5.90,6.20,6.20,0,0,0
22/03/2019,5.90,"69,000",5.40,5.90,5.10,0,0,0
21/03/2019,5.40,"15,200",5.10,5.40,5.10,0,0,0
20/03/2019,5.10,"10,000",5.10,5.10,5.10,0,0,0
19/03/2019,5.10,"10,000",5.10,5.10,5.10,0,0,0
18/03/2019,5.10,"1,200",5.20,5.20,5.10,0,200,-0.0
15/03/2019,5.20,"9,500",5.10,5.20,5.10,0,0,0
14/03/2019,5.10,"4,100",5,5.10,5,0,200,-0.0
13/03/2019,5,"2,300",4.90,5,5,0,300,-0.0
12/03/2019,4.90,"3,100",4.50,4.90,4.90,0,"2,000",-0.0
11/03/2019,4.50,"15,400",5,5,4.50,0,400,-0.0
08/03/2019,5,200,5,5,5,0,200,-0.0
07/03/2019,5,200,5.30,5.30,5,0,200,-0.0
06/03/2019,5.30,600,5.30,5.30,5,0,100,-0.0
05/03/2019,5.30,"1,600",4.90,5.30,4.90,0,"1,000",-0.0
04/03/2019,4.90,"7,100",4.90,4.90,4.90,0,200,-0.0
01/03/2019,4.90,"1,300",4.90,4.90,4.90,0,200,-0.0
28/02/2019,4.90,200,4.90,4.90,4.90,0,200,-0.0
27/02/2019,4.90,200,5.30,5.30,4.90,0,200,-0.0
26/02/2019,5.30,"15,100",4.90,5.30,4.90,0,0,0
25/02/2019,4.90,100,4.50,4.90,4.90,0,0,0
22/02/2019,4.50,200,5,5.50,4.50,0,100,-0.0
21/02/2019,5,100,4.60,5,5,0,0,0
20/02/2019,4.60,"120,100",4.60,4.60,4.60,0,100,-0.0
19/02/2019,4.60,100,4.60,4.60,4.60,0,100,-0.0
18/02/2019,4.60,200,4.20,4.60,4.60,0,0,0
15/02/2019,4.20,200,4.30,4.30,4.20,0,200,-0.0
14/02/2019,4.30,100,4.20,4.30,4.30,0,100,-0.0
13/02/2019,4.20,100,4.40,4.40,4.20,0,100,-0.0
12/02/2019,4.40,100,4.60,4.60,4.40,0,100,-0.0
11/02/2019,4.60,100,5,5,4.60,0,100,-0.0
01/02/2019,5,0,5,5,5,0,0,0
31/01/2019,5,"10,000",5,5,5,0,0,0
30/01/2019,5,"1,200",4.70,5,5,0,100,-0.0
29/01/2019,4.70,800,4.50,4.70,4.60,0,0,0
28/01/2019,4.50,600,4.60,4.60,4.50,0,600,-0.0
25/01/2019,4.60,700,5.10,5.60,4.60,0,600,-0.0
24/01/2019,5.10,600,5,5.10,5.10,0,500,-0.0
23/01/2019,5,"10,500",5.50,5.50,5,0,"10,500",-0.1
22/01/2019,5.50,"11,000",5,5.50,5,0,0,0
21/01/2019,5,"13,600",4.80,5,4.90,0,0,0
18/01/2019,4.80,"17,200",4.50,4.90,4.80,0,"12,500",-0.1
17/01/2019,4.50,"10,500",5,5,4.50,0,500,-0.0
16/01/2019,5,"5,500",5.50,5.50,5,0,500,-0.0
15/01/2019,5.50,400,5.80,5.80,5.50,0,0,0
14/01/2019,5.80,800,6.30,6.30,5.80,0,0,0
11/01/2019,6.30,0,6.30,6.30,6.30,0,0,0
10/01/2019,6.30,0,6.30,6.30,6.30,0,0,0
09/01/2019,6.30,0,6.30,6.30,6.30,0,0,0
08/01/2019,6.30,"10,100",6.40,6.40,6,0,0,0
07/01/2019,6.40,"10,100",6.40,6.40,6,0,0,0
04/01/2019,6.40,"6,100",6.40,6.40,6,0,0,0
03/01/2019,6.40,"9,800",6.50,6.50,6.30,0,0,0
02/01/2019,6.50,0,6.50,6.50,6.50,0,0,0
28/12/2018,6.50,0,6.50,6.50,6.50,0,0,0
27/12/2018,6.50,0,6.50,6.50,6.50,0,0,0
26/12/2018,6.50,0,6.50,6.50,6.50,0,0,0
25/12/2018,6.50,"13,100",6.50,6.50,6,0,0,0
24/12/2018,6.50,0,6.50,6.50,6.50,0,0,0
21/12/2018,6.50,100,6.20,6.50,6.50,0,0,0
20/12/2018,6.20,10,6.20,6.20,6.20,0,0,0
19/12/2018,6.20,100,6,6.20,6.20,0,0,0
18/12/2018,6,"3,211",6,6,5.90,0,100,-0.0
17/12/2018,6,"447,100",6,6,5.80,0,0,0
14/12/2018,6,"5,000",6,6,6,0,0,0
13/12/2018,6,"2,000",6,6,6,0,0,0
12/12/2018,6,"302,000",6,6,6,0,0,0
11/12/2018,6,"254,000",6.40,6.40,6,0,0,0
10/12/2018,6.40,0,6.40,6.40,6.40,0,0,0
07/12/2018,6.40,200,6.40,6.40,5.90,0,0,0
06/12/2018,6.40,"2,100",6.40,6.40,5.90,0,0,0
05/12/2018,6.40,0,6.40,6.40,6.40,0,0,0
04/12/2018,6.40,200,6.40,6.40,6,0,0,0
03/12/2018,6.40,0,6.40,6.40,6.40,0,0,0
30/11/2018,6.40,"1,700",6.50,6.50,5.90,0,0,0
29/11/2018,6.50,500,6.50,6.50,6,0,0,0
28/11/2018,6.50,0,6.50,6.50,6.50,0,0,0
27/11/2018,6.50,400,6.50,6.50,6,0,0,0
26/11/2018,6.50,100,6,6.50,6.50,0,0,0
23/11/2018,6,0,6,6,6,0,0,0
22/11/2018,6,0,6,6,6,0,0,0
21/11/2018,6,600,6.50,6.50,6,0,0,0
20/11/2018,6.50,100,6.30,6.50,6.50,0,0,0
19/11/2018,6.30,"6,900",6.30,6.90,5.90,"4,400",0,0.0
16/11/2018,6.30,"65,100",6.30,6.30,5.80,0,0,0
15/11/2018,6.30,"1,100",6.50,6.50,6,0,0,0
14/11/2018,6.50,400,6,6.50,5.80,0,0,0
13/11/2018,6,"5,900",6,6,5.80,0,0,0
12/11/2018,6,"8,700",6,6,5.40,0,"4,400",-0.0
09/11/2018,6,0,6,6,6,0,0,0
08/11/2018,6,700,5.90,6,5.90,0,0,0
07/11/2018,5.90,"2,100",5.90,5.90,5.80,0,0,0
06/11/2018,5.90,"4,800",5.90,5.90,5.80,0,0,0
05/11/2018,5.90,"2,100",5.90,5.90,5.90,0,0,0
02/11/2018,5.90,"3,800",5.90,5.90,5.90,0,0,0
01/11/2018,5.90,"2,700",5.90,5.90,5.90,0,0,0
31/10/2018,5.90,100,5.80,5.90,5.90,0,0,0
30/10/2018,5.80,"4,400",5.60,6,5.20,0,0,0
29/10/2018,5.60,"2,300",5.30,5.60,5.30,0,0,0
26/10/2018,5.30,400,5.20,5.30,5.30,0,0,0
25/10/2018,5.20,"12,100",5.30,5.30,5.20,0,0,0
24/10/2018,5.30,"6,000",5.30,5.30,5.20,0,0,0
23/10/2018,5.30,"1,000",5.30,5.30,5.30,0,0,0
22/10/2018,5.30,"5,550",5.20,5.30,5.20,0,0,0
19/10/2018,5.20,"4,400",5.20,5.20,5.10,0,0,0
18/10/2018,5.20,"37,700",5.20,5.20,5,0,0,0
17/10/2018,5.20,"1,300",5,5.20,5,0,0,0
16/10/2018,5,"1,300",5.10,5.10,4.90,0,0,0
15/10/2018,5.10,"1,600",4.90,5.10,4.80,0,0,0
12/10/2018,4.90,"39,700",4.90,4.90,4.80,0,0,0
11/10/2018,4.90,"10,800",4.90,4.90,4.60,0,200,-0.0
10/10/2018,4.90,"101,500",4.90,5,4.70,0,0,0
09/10/2018,4.90,0,4.90,4.90,4.90,0,0,0
08/10/2018,4.90,0,4.90,4.90,4.90,0,0,0
05/10/2018,4.90,"40,800",5,5,4.70,0,0,0
04/10/2018,5,"44,100",4.70,5,4.60,0,0,0
03/10/2018,4.70,"1,900",4.70,4.70,4.60,0,0,0
02/10/2018,4.70,"37,300",4.60,4.70,4.60,0,0,0
01/10/2018,4.60,"25,000",4.60,4.60,4.60,0,0,0
28/09/2018,4.60,"21,000",4.90,4.90,4.60,0,0,0
27/09/2018,4.90,100,4.60,4.90,4.90,0,0,0
26/09/2018,4.60,"55,500",4.70,4.70,4.40,0,0,0
25/09/2018,4.70,"30,000",4.50,4.70,4.50,0,0,0
24/09/2018,4.50,"35,100",4.50,4.50,4.40,0,0,0
21/09/2018,4.50,"61,200",4.50,4.50,4.40,0,0,0
20/09/2018,4.50,"55,000",4.60,4.60,4.50,0,0,0
19/09/2018,4.60,"44,400",4.60,4.60,4.50,0,0,0
18/09/2018,4.60,"47,500",4.40,4.60,4.40,0,0,0
17/09/2018,4.40,"44,200",4.40,4.50,4.40,0,0,0
14/09/2018,4.40,"76,400",4.40,4.40,4.40,0,0,0
13/09/2018,4.40,0,4.40,4.40,4.40,0,0,0
12/09/2018,4.40,"20,100",4.50,4.50,4.30,0,0,0
11/09/2018,4.50,"35,400",4.40,4.50,4.30,0,0,0
10/09/2018,4.40,"40,700",4.50,4.50,4.30,0,0,0
07/09/2018,4.50,100,4.20,4.50,4.50,0,0,0
06/09/2018,4.20,300,4.50,4.50,4.20,0,0,0
05/09/2018,4.50,"20,100",4.40,4.50,4.30,0,0,0
04/09/2018,4.40,"25,100",4.50,4.50,4.30,0,0,0
31/08/2018,4.50,300,4.40,4.50,4.50,0,0,0
30/08/2018,4.40,0,4.40,4.40,4.40,0,0,0
29/08/2018,4.40,"11,000",4.50,4.50,4.10,0,"7,300",-0.0
28/08/2018,4.50,100,4.30,4.50,4.50,0,0,0
27/08/2018,4.30,"1,100",4.30,4.30,4.30,0,0,0
24/08/2018,4.30,0,4.30,4.30,4.30,0,0,0
23/08/2018,4.30,"8,000",4.30,4.30,4.30,0,0,0
22/08/2018,4.30,"1,100",4.40,4.50,4.30,0,0,0
21/08/2018,4.40,400,4.70,4.70,4.40,0,0,0
20/08/2018,4.70,0,4.70,4.70,4.70,0,0,0
17/08/2018,4.70,100,4.40,4.70,4.70,0,0,0
16/08/2018,4.40,"12,000",4.80,4.80,4.40,0,0,0
15/08/2018,4.80,"1,100",4.90,4.90,4.50,0,0,0
14/08/2018,4.90,0,4.90,4.90,4.90,0,0,0
13/08/2018,4.90,0,4.90,4.90,4.90,0,0,0
10/08/2018,4.90,0,4.90,4.90,4.90,0,0,0
09/08/2018,4.90,0,4.90,4.90,4.90,0,0,0
08/08/2018,4.90,300,4.80,5,4.90,100,0,0.0
07/08/2018,4.80,600,4.80,4.90,4.70,0,0,0
06/08/2018,4.80,"39,900",4.60,4.80,4.80,"39,900",0,0.2
03/08/2018,4.60,0,4.60,4.60,4.60,0,0,0
02/08/2018,4.60,"9,900",4.50,4.60,4.50,"8,900",0,0.0
01/08/2018,4.50,0,4.50,4.50,4.50,0,0,0
31/07/2018,4.50,0,4.50,4.50,4.50,0,0,0
30/07/2018,4.50,"3,800",4.60,4.60,4.50,"3,800",0,0.0
27/07/2018,4.60,0,4.60,4.60,4.60,0,0,0
26/07/2018,4.60,"10,100",4.60,4.60,4.50,0,0,0
25/07/2018,4.60,"9,900",4.60,4.60,4.50,0,0,0
24/07/2018,4.60,"14,700",4.60,4.90,4.50,0,0,0
23/07/2018,4.60,"21,900",4.70,4.70,4.50,"2,800",0,0.0
20/07/2018,4.70,100,4.40,4.70,4.70,0,0,0
19/07/2018,4.40,"9,450",4.60,4.80,4.40,0,0,0
18/07/2018,4.60,"6,000",4.50,4.70,4.50,0,0,0
17/07/2018,4.50,"5,000",4.50,4.50,4.50,0,0,0
16/07/2018,4.50,"7,500",4.50,4.50,4.50,0,"4,800",-0.0
13/07/2018,4.50,"5,100",4.40,4.50,4.40,0,0,0
12/07/2018,4.40,"5,000",4.50,4.50,4.40,0,0,0
11/07/2018,4.50,0,4.50,4.50,4.50,0,0,0
10/07/2018,4.50,"2,500",4.50,4.50,4.30,0,0,0
09/07/2018,4.50,"10,000",4.40,4.50,4.50,0,0,0
06/07/2018,4.40,0,4.40,4.40,4.40,0,0,0
05/07/2018,4.40,"10,000",4.40,4.40,4.40,0,0,0
04/07/2018,4.40,50,4.40,4.40,4.40,0,0,0
03/07/2018,4.40,"17,200",4.40,4.40,4.30,0,0,0
02/07/2018,4.40,"8,000",4.40,4.40,4.40,0,"4,000",-0.0
29/06/2018,4.40,"5,000",4.50,4.50,4.40,0,0,0
28/06/2018,4.50,"2,300",4.50,4.50,4.50,0,0,0
27/06/2018,4.50,"6,500",4.40,4.60,4.50,0,0,0
26/06/2018,4.40,0,4.40,4.40,4.40,0,0,0
25/06/2018,4.40,"3,150",4.70,4.70,4.30,0,0,0
22/06/2018,4.70,"15,300",4.60,4.70,4.50,0,0,0
21/06/2018,4.60,"26,500",4.50,4.60,4.40,0,0,0
20/06/2018,4.50,100,4.40,4.50,4.50,0,0,0
19/06/2018,4.40,"63,100",4.50,4.50,4.40,0,0,0
18/06/2018,4.50,"34,500",4.50,4.50,4.40,0,0,0
15/06/2018,4.50,"53,100",4.50,4.50,4.40,0,0,0
14/06/2018,4.50,"2,200",4.50,4.50,4.40,0,0,0
13/06/2018,4.50,"2,000",4.50,4.50,4.50,0,0,0
12/06/2018,4.50,"5,900",4.50,4.50,4.40,0,0,0
11/06/2018,4.50,"4,800",4.40,4.50,4.40,0,0,0
08/06/2018,4.40,"10,200",4.50,4.50,4.40,0,0,0
07/06/2018,4.50,"8,000",4.50,4.50,4.50,0,0,0
06/06/2018,4.50,"20,000",4.70,4.70,4.50,0,0,0
05/06/2018,4.70,"12,200",4.50,4.70,4.50,0,0,0
04/06/2018,4.50,"1,000",4.50,4.50,4.50,0,0,0
01/06/2018,4.50,0,4.50,4.50,4.50,0,0,0
31/05/2018,4.50,100,4.20,4.50,4.50,0,0,0
30/05/2018,4.20,"11,800",4.20,4.50,4.20,0,0,0
29/05/2018,4.20,"18,000",4.20,4.20,4.20,0,0,0
28/05/2018,4.20,"30,000",4.20,4.20,4.20,0,0,0
25/05/2018,4.20,"13,000",4.40,4.70,4.20,0,0,0
24/05/2018,4.40,0,4.40,4.40,4.40,0,0,0
23/05/2018,4.40,"16,800",4.50,4.50,4.10,0,0,0
22/05/2018,4.50,"13,700",4.20,4.50,4.10,0,0,0
21/05/2018,4.20,"22,900",4.10,4.20,4.10,0,0,0
18/05/2018,4.10,"3,300",4.10,4.10,4.10,0,0,0
17/05/2018,4.10,"77,230",4.50,4.50,4.10,0,0,0
16/05/2018,4.50,"34,200",4.20,4.50,4.10,0,0,0
15/05/2018,4.20,"53,700",4.20,4.20,4.10,0,0,0
14/05/2018,4.20,"89,200",4.30,4.30,4.10,0,0,0
11/05/2018,4.30,"18,800",4.20,4.30,4.10,0,0,0
10/05/2018,4.20,"43,600",4.20,4.20,4.10,0,0,0
09/05/2018,4.20,"32,200",4.20,4.20,4.10,0,0,0
08/05/2018,4.20,"20,100",4.10,4.20,4.10,0,0,0
07/05/2018,4.10,"74,100",4.10,4.20,4.10,0,0,0
04/05/2018,4.10,"7,700",4.10,4.10,4.10,0,0,0
03/05/2018,4.10,"19,010",4.10,4.10,4.10,0,0,0
02/05/2018,4.10,"5,000",4.10,4.10,4.10,0,0,0
27/04/2018,4.10,"22,000",4.20,4.20,4.10,0,0,0
26/04/2018,4.20,"23,800",4.20,4.20,4.10,0,0,0
24/04/2018,4.20,"96,300",4.30,4.30,4.20,0,0,0
23/04/2018,4.30,"102,800",4.60,4.60,4.20,0,0,0
20/04/2018,4.60,"12,300",4.30,4.60,4.20,0,0,0
19/04/2018,4.30,"19,000",4.20,4.30,4.20,0,0,0
18/04/2018,4.20,"40,500",4.20,4.30,4.20,0,0,0
17/04/2018,4.20,"13,700",4.10,4.20,4.10,0,0,0
16/04/2018,4.10,"22,300",4.20,4.20,4.10,0,0,0
13/04/2018,4.20,"22,800",4.20,4.20,4,0,0,0
12/04/2018,4.20,"13,700",4.30,4.30,4.10,0,0,0
11/04/2018,4.30,"22,200",4.20,4.30,4.10,0,0,0
10/04/2018,4.20,"20,600",4.20,4.20,4.10,0,0,0
09/04/2018,4.20,"37,100",4.20,4.20,4.10,0,0,0
06/04/2018,4.20,"29,600",4.20,4.20,4.10,0,0,0
05/04/2018,4.20,"12,600",4.20,4.20,4.10,0,0,0
04/04/2018,4.20,"17,200",4.10,4.20,4.10,0,0,0
03/04/2018,4.10,"22,600",4.10,4.10,4,0,0,0
02/04/2018,4.10,"11,600",4,4.10,4,0,0,0
30/03/2018,4,"13,500",4.10,4.10,4,0,0,0
29/03/2018,4.10,"113,110",4.20,4.20,3.90,0,0,0
28/03/2018,4.20,"20,330",4,4.20,4.10,0,0,0
27/03/2018,4,"8,200",4,4.10,3.90,0,0,0
26/03/2018,4,"5,500",3.90,4,3.90,0,0,0
23/03/2018,3.90,"23,000",3.90,3.90,3.90,0,0,0
22/03/2018,3.90,"26,600",3.90,4,3.80,0,0,0
21/03/2018,3.90,"28,800",4,4,3.80,0,0,0
20/03/2018,4,"11,030",3.80,4,3.80,0,0,0
19/03/2018,3.80,"22,570",3.70,3.80,3.70,0,0,0
16/03/2018,3.70,"37,810",3.80,3.80,3.60,0,0,0
15/03/2018,3.80,"10,800",4,4,3.70,0,0,0
14/03/2018,4,"28,800",3.80,4,3.60,0,0,0
13/03/2018,3.80,"31,800",3.70,3.90,3.60,0,0,0
12/03/2018,3.70,"10,500",3.60,3.70,3.60,0,0,0
09/03/2018,3.60,"20,820",3.60,3.90,3.50,0,0,0
08/03/2018,3.60,"34,500",4,4,3.60,0,0,0
07/03/2018,4,"16,300",4.20,4.20,3.80,0,0,0
06/03/2018,4.20,"25,700",4.30,4.30,3.90,0,0,0
05/03/2018,4.30,"90,300",4.10,4.30,3.70,0,0,0
02/03/2018,4.10,"106,000",4.30,4.30,3.90,0,0,0
01/03/2018,4.30,"85,800",4.20,4.50,4.10,0,0,0
28/02/2018,4.20,"83,300",4.60,5,4.20,0,0,0
27/02/2018,4.60,"169,300",5.10,5.50,4.60,0,0,0
26/02/2018,5.10,"89,000",4.70,5.10,4.80,0,0,0
23/02/2018,4.70,"42,200",4.70,5,4.50,0,0,0
22/02/2018,4.70,"28,800",5,5.20,4.70,0,"1,000",-0.0
21/02/2018,5,"69,200",5,5.50,4.70,0,0,0
13/02/2018,5,"27,800",4.80,5,4.60,0,0,0
12/02/2018,4.80,"26,770",4.80,5.20,4.40,0,300,-0.0
09/02/2018,4.80,"231,210",4.50,4.90,4.50,0,"16,200",-0.1
08/02/2018,4.50,"104,000",4.10,4.50,4.50,0,0,0
07/02/2018,4.10,"42,600",3.80,4.10,3.80,0,0,0
06/02/2018,3.80,"48,755",3.60,3.90,3.40,0,300,-0.0
05/02/2018,3.60,"79,200",3.50,3.80,3.40,0,200,-0.0
02/02/2018,3.50,"22,800",3.50,3.60,3.30,0,0,0
01/02/2018,3.50,"5,600",3.40,3.50,3.50,0,0,0
31/01/2018,3.40,"49,845",3.50,3.60,3.40,0,0,0
30/01/2018,3.50,"33,800",3.50,3.50,3.30,0,0,0
29/01/2018,3.50,"10,700",3.80,3.80,3.50,0,0,0
26/01/2018,3.80,"18,300",3.50,3.80,3.40,0,0,0
25/01/2018,3.50,"46,300",3.60,3.70,3.40,0,0,0
24/01/2018,3.60,"54,400",3.90,3.90,3.60,0,0,0
23/01/2018,3.90,"82,030",4.20,4.60,3.80,0,0,0
22/01/2018,4.20,"22,315",3.90,4.20,4.20,0,0,0
19/01/2018,3.90,"172,705",3.60,3.90,3.90,0,0,0
18/01/2018,3.60,"5,000",3.30,3.60,3.60,0,0,0
17/01/2018,3.30,"34,900",3,3.30,3,0,0,0
16/01/2018,3,"55,000",3,3,3,0,0,0
15/01/2018,3,"20,800",3.10,3.10,2.90,0,0,0
12/01/2018,3.10,"12,300",3.10,3.10,3,0,0,0
11/01/2018,3.10,0,3.10,3.10,3.10,0,0,0
10/01/2018,3.10,"7,700",3.10,3.10,3,0,0,0
09/01/2018,3.10,304,3,3.10,3,0,0,0
08/01/2018,3,"4,300",3,3,2.90,0,0,0
05/01/2018,3,700,3,3,3,0,0,0
04/01/2018,3,"1,700",2.90,3,2.80,0,0,0
03/01/2018,2.90,"10,300",2.90,2.90,2.90,0,0,0
02/01/2018,2.90,"18,300",3.20,3.20,2.90,0,0,0
29/12/2017,3.20,"8,800",3,3.20,2.80,0,0,0
28/12/2017,3,"21,600",3,3,2.70,0,0,0
27/12/2017,3,"2,000",3,3,3,0,0,0
26/12/2017,3,"49,500",3.10,3.20,3,0,0,0
25/12/2017,3.10,"42,000",3.20,3.20,3.10,0,0,0
22/12/2017,3.20,"2,400",3.20,3.20,3.20,0,0,0
21/12/2017,3.20,0,3.20,3.20,3.20,0,0,0
20/12/2017,3.20,"4,000",3.30,3.30,3.20,0,0,0
19/12/2017,3.30,0,3.30,3.30,3.30,0,0,0
18/12/2017,3.30,0,3.30,3.30,3.30,0,0,0
15/12/2017,3.30,600,3.30,3.30,3.10,0,0,0
14/12/2017,3.30,100,3.30,3.30,3.30,0,0,0
13/12/2017,3.30,"4,300",3.20,3.30,3.20,0,0,0
12/12/2017,3.20,"20,000",3.40,3.40,3.20,0,0,0
11/12/2017,3.40,"5,000",3.40,3.40,3.40,0,0,0
08/12/2017,3.40,"8,500",3.30,3.40,3.20,0,0,0
07/12/2017,3.30,"30,300",3.30,3.30,3.20,0,0,0
06/12/2017,3.30,"2,300",3.40,3.40,3.30,0,0,0
05/12/2017,3.40,"26,600",3.40,3.40,3.30,0,0,0
04/12/2017,3.40,"31,000",3.40,3.40,3.20,0,0,0
01/12/2017,3.40,"9,500",3.40,3.40,3.20,"2,100",0,0.0
30/11/2017,3.40,"35,500",3.30,3.40,3.20,0,0,0
29/11/2017,3.30,"67,600",3.30,3.40,3.20,0,0,0
28/11/2017,3.30,"7,600",3.40,3.40,3.30,0,0,0
27/11/2017,3.40,"12,800",3.30,3.40,3.10,0,0,0
24/11/2017,3.30,"10,700",3.20,3.30,3.10,0,0,0
23/11/2017,3.20,"28,900",3.20,3.20,3,0,0,0
22/11/2017,3.20,"7,000",3,3.20,3.10,0,0,0
21/11/2017,3,"12,500",3.20,3.20,3,0,0,0
20/11/2017,3.20,300,3.20,3.20,3,0,100,-0.0
17/11/2017,3.20,900,3,3.20,3.10,0,0,0
16/11/2017,3,"12,700",3.20,3.20,3,0,0,0
15/11/2017,3.20,"6,800",3.10,3.20,3.10,0,0,0
14/11/2017,3.10,"8,800",3.10,3.10,3,0,0,0
13/11/2017,3.10,"2,900",3.10,3.10,3,0,0,0
10/11/2017,3.10,"16,910",3.10,3.10,3,0,0,0
09/11/2017,3.10,300,3.10,3.10,3,0,0,0
08/11/2017,3.10,"1,600",3.10,3.10,3,0,0,0
07/11/2017,3.10,"15,200",3,3.10,3,0,0,0
06/11/2017,3,"25,800",3,3.10,3,0,0,0
03/11/2017,3,"4,100",3.10,3.10,3,"2,500",0,0.0
02/11/2017,3.10,"30,700",3,3.20,3,0,0,0
01/11/2017,3,"5,000",3,3,3,0,0,0
31/10/2017,3,"15,400",3,3.10,2.90,"1,100",0,0.0
30/10/2017,3,"14,000",3.10,3.10,3,0,0,0
27/10/2017,3.10,200,3.10,3.10,3.10,0,0,0
26/10/2017,3.10,"11,100",3.10,3.10,3,"1,000",0,0.0
25/10/2017,3.10,114,3,3.10,3.10,0,0,0
24/10/2017,3,"8,200",3,3,3,0,0,0
23/10/2017,3,"8,000",3,3.10,3,"4,000",0,0.0
20/10/2017,3,"20,500",3.10,3.10,3,0,0,0
19/10/2017,3.10,"21,100",3.10,3.10,3,0,0,0
18/10/2017,3.10,"19,700",3,3.10,2.90,0,0,0
17/10/2017,3,"9,300",3.10,3.10,3,0,0,0
16/10/2017,3.10,500,3.10,3.10,3.10,0,0,0
13/10/2017,3.10,400,3.10,3.10,3.10,0,0,0
12/10/2017,3.10,"46,000",3.10,3.10,2.90,"19,500",0,0.1
11/10/2017,3.10,"10,400",3.10,3.10,2.90,0,0,0
10/10/2017,3.10,"1,000",3.30,3.30,3.10,0,0,0
09/10/2017,3.30,"1,400",3.10,3.30,3.20,"1,400",0,0.0
06/10/2017,3.10,100,3,3.10,3.10,0,0,0
05/10/2017,3,"4,900",2.90,3,2.80,0,0,0
04/10/2017,2.90,"4,600",3,3,2.90,0,0,0
03/10/2017,3,"20,300",3,3,3,0,0,0
02/10/2017,3,0,3,3,3,0,0,0
29/09/2017,3,100,3.30,3.30,3,0,0,0
28/09/2017,3.30,"30,900",3.20,3.30,3.20,"27,100",0,0.1
27/09/2017,3.20,0,3.20,3.20,3.20,0,0,0
26/09/2017,3.20,100,3.20,3.20,3.20,100,0,0.0
25/09/2017,3.20,0,3.20,3.20,3.20,0,0,0
22/09/2017,3.20,0,3.20,3.20,3.20,0,0,0
21/09/2017,3.20,0,3.20,3.20,3.20,0,0,0
20/09/2017,3.20,0,3.20,3.20,3.20,0,0,0
19/09/2017,3.20,0,3.20,3.20,3.20,0,0,0
18/09/2017,3.20,0,3.20,3.20,3.20,0,0,0
15/09/2017,3.20,"3,900",3.20,3.20,3.10,0,0,0
14/09/2017,3.20,"1,900",3.20,3.20,3.10,0,0,0
13/09/2017,3.20,0,3.20,3.20,3.20,0,0,0
12/09/2017,3.20,300,3.10,3.20,3.10,0,0,0
11/09/2017,3.10,"4,900",3.20,3.20,3.10,0,0,0
08/09/2017,3.20,"3,600",3.30,3.30,3.20,0,0,0
07/09/2017,3.30,200,3.30,3.30,3.30,0,0,0
06/09/2017,3.30,0,3.30,3.30,3.30,0,0,0
05/09/2017,3.30,0,3.30,3.30,3.30,0,0,0
01/09/2017,3.30,0,3.30,3.30,3.30,0,0,0
31/08/2017,3.30,"4,800",3.30,3.30,3.10,0,0,0
30/08/2017,3.30,"2,800",3.30,3.30,3.20,0,0,0
29/08/2017,3.30,100,3.10,3.30,3.30,0,0,0
28/08/2017,3.10,"9,500",3.20,3.20,3,0,0,0
25/08/2017,3.20,"9,500",3.20,3.20,2.90,0,0,0
24/08/2017,3.20,0,3.20,3.20,3.20,0,0,0
23/08/2017,3.20,0,3.20,3.20,3.20,0,0,0
22/08/2017,3.20,300,3.30,3.30,3.20,0,0,0
21/08/2017,3.30,"3,800",3.30,3.30,3.20,0,0,0
18/08/2017,3.30,"3,800",3.30,3.30,3.30,0,0,0
17/08/2017,3.30,200,3.40,3.40,3.30,0,0,0
16/08/2017,3.40,0,3.40,3.40,3.40,0,0,0
15/08/2017,3.40,"6,400",3.40,3.40,3.30,0,0,0
14/08/2017,3.40,0,3.40,3.40,3.40,0,0,0
11/08/2017,3.40,"16,400",3.30,3.40,3.30,0,0,0
10/08/2017,3.30,"14,800",3.40,3.40,3.30,0,0,0
09/08/2017,3.40,"51,800",3.50,3.50,3.40,0,0,0
08/08/2017,3.50,"5,500",3.50,3.50,3.40,0,0,0
07/08/2017,3.50,"19,720",3.30,3.50,3.40,0,"1,500",-0.0
04/08/2017,3.30,"4,800",3.40,3.40,3.30,0,"1,000",-0.0
03/08/2017,3.40,"10,200",3.30,3.40,3.30,0,0,0
02/08/2017,3.30,"7,200",3.20,3.30,3.20,0,0,0
01/08/2017,3.20,"11,600",3.30,3.30,3.20,0,0,0
31/07/2017,3.30,"7,800",3.20,3.30,3.20,0,0,0
28/07/2017,3.20,"4,800",3.10,3.20,3,0,0,0
27/07/2017,3.10,"1,400",3.10,3.10,3.10,0,0,0
26/07/2017,3.10,"21,900",3,3.10,3,0,0,0
25/07/2017,3,"22,800",3.30,3.30,3,0,0,0
24/07/2017,3.30,0,3.30,3.30,3.30,0,0,0
21/07/2017,3.30,"6,200",3.30,3.30,3.20,0,0,0
20/07/2017,3.30,"16,000",3.40,3.40,3.30,0,0,0
19/07/2017,3.40,200,3.40,3.40,3.30,0,0,0
18/07/2017,3.40,874,3.50,3.50,3.40,0,0,0
17/07/2017,3.50,"3,100",3.40,3.50,3.40,0,0,0
14/07/2017,3.40,"6,700",3.40,3.50,3.40,0,0,0
13/07/2017,3.40,"20,100",3.30,3.40,3.30,0,0,0
12/07/2017,3.30,"12,400",3.40,3.40,3.30,0,0,0
11/07/2017,3.40,"6,100",3.50,3.50,3.30,0,0,0
10/07/2017,3.50,500,3.50,3.50,3.30,0,0,0
07/07/2017,3.50,"6,100",3.50,3.50,3.30,0,0,0
06/07/2017,3.50,"8,200",3.60,3.60,3.30,0,0,0
05/07/2017,3.60,"63,800",3.30,3.60,3.20,0,0,0
04/07/2017,3.30,"25,200",3.30,3.30,3.20,0,0,0
03/07/2017,3.30,"24,300",3.10,3.30,3.20,0,0,0
30/06/2017,3.10,"45,200",3.10,3.30,3.10,0,0,0
29/06/2017,3.10,"5,700",3.10,3.20,3.10,0,0,0
28/06/2017,3.10,"12,600",3.20,3.20,3.10,0,0,0
27/06/2017,3.20,"4,400",3.20,3.20,3,0,0,0
26/06/2017,3.20,"11,600",3.20,3.20,3.10,"2,500",0,0.0
23/06/2017,3.20,"8,100",3.20,3.20,3.10,0,0,0
22/06/2017,3.20,"8,100",3.20,3.20,3.10,0,0,0
21/06/2017,3.20,"3,700",3.10,3.20,3.10,0,0,0
20/06/2017,3.10,"4,700",3.20,3.20,3.10,0,0,0
19/06/2017,3.20,200,3.20,3.20,3.10,0,100,-0.0
16/06/2017,3.20,"22,000",3.20,3.20,3.10,0,0,0
15/06/2017,3.20,900,3.20,3.20,3.20,0,0,0
14/06/2017,3.20,"13,900",3.30,3.30,3.20,0,0,0
13/06/2017,3.30,"8,000",3.20,3.30,3.20,0,0,0
12/06/2017,3.20,900,3.10,3.20,3.20,0,0,0
09/06/2017,3.10,"3,400",3.10,3.10,3.10,0,0,0
08/06/2017,3.10,"22,100",3.30,3.30,3.10,0,0,0
07/06/2017,3.30,"2,800",3.20,3.30,3.10,0,0,0
06/06/2017,3.20,100,3.20,3.20,3.20,0,0,0
05/06/2017,3.20,"6,100",3.10,3.20,3.10,0,0,0
02/06/2017,3.10,"16,500",3.20,3.20,3,0,0,0
01/06/2017,3.20,200,3.10,3.20,3.10,0,0,0
31/05/2017,3.10,"15,200",3.10,3.10,3,0,0,0
30/05/2017,3.10,"10,200",3,3.10,3,0,0,0
29/05/2017,3,"2,400",3.10,3.10,3,0,0,0
26/05/2017,3.10,"4,000",3.30,3.30,3.10,0,0,0
25/05/2017,3.30,"4,300",3.30,3.30,3.20,0,0,0
24/05/2017,3.30,0,3.30,3.30,3.30,0,0,0
23/05/2017,3.30,100,3.10,3.30,3.30,0,0,0
22/05/2017,3.10,"39,600",3.20,3.20,3.10,0,0,0
19/05/2017,3.20,"2,600",3,3.20,3,0,0,0
18/05/2017,3,"38,200",3.30,3.30,3,0,0,0
17/05/2017,3.30,300,3.30,3.30,3.20,0,0,0
16/05/2017,3.30,"5,200",3.20,3.30,3.20,0,0,0
15/05/2017,3.20,"2,800",3.20,3.20,3,0,0,0
12/05/2017,3.20,"51,000",3.40,3.40,3.20,0,0,0
11/05/2017,3.40,"2,600",3.50,3.50,3.20,0,0,0
10/05/2017,3.50,0,3.50,3.50,3.50,0,0,0
09/05/2017,3.50,"1,400",3.30,3.50,3.50,0,0,0
08/05/2017,3.30,"23,400",3,3.30,3,0,0,0
05/05/2017,3,"1,000",3,3,2.90,0,0,0
04/05/2017,3,"1,200",2.90,3,2.90,0,0,0
03/05/2017,2.90,"11,200",3,3,2.90,0,0,0
28/04/2017,3,0,3,3,3,0,0,0
27/04/2017,3,"12,600",3.20,3.20,2.90,0,0,0
26/04/2017,3.20,0,3.20,3.20,3.20,0,0,0
25/04/2017,3.20,"3,800",3.20,3.20,2.90,0,0,0
24/04/2017,3.20,0,3.20,3.20,3.20,0,0,0
21/04/2017,3.20,300,3.10,3.30,3.10,0,0,0
20/04/2017,3.10,0,3.10,3.10,3.10,0,0,0
19/04/2017,3.10,610,3.10,3.30,3.10,0,0,0
18/04/2017,3.10,100,3.30,3.30,3.10,0,0,0
17/04/2017,3.30,0,3.30,3.30,3.30,0,0,0
14/04/2017,3.30,100,3.30,3.30,3.30,0,0,0
13/04/2017,3.30,100,3.60,3.60,3.30,0,0,0
12/04/2017,3.60,0,3.60,3.60,3.60,0,0,0
11/04/2017,3.60,100,3.30,3.60,3.60,0,0,0
10/04/2017,3.30,0,3.30,3.30,3.30,0,0,0
07/04/2017,3.30,0,3.30,3.30,3.30,0,0,0
05/04/2017,3.30,0,3.30,3.30,3.30,0,0,0
04/04/2017,3.30,0,3.30,3.30,3.30,0,0,0
03/04/2017,3.30,0,3.30,3.30,3.30,0,0,0
31/03/2017,3.30,600,3.50,3.50,3.20,0,0,0
30/03/2017,3.50,100,3.30,3.50,3.50,0,0,0
29/03/2017,3.30,0,3.30,3.30,3.30,0,0,0
28/03/2017,3.30,700,3.30,3.30,3.20,0,0,0
27/03/2017,3.30,"13,300",3.40,3.40,3.30,0,0,0
24/03/2017,3.40,"12,300",3.30,3.40,3.20,0,0,0
23/03/2017,3.30,"5,200",3.40,3.40,3.10,0,0,0
22/03/2017,3.40,400,3.40,3.40,3.10,0,0,0
21/03/2017,3.40,0,3.40,3.40,3.40,0,0,0
20/03/2017,3.40,"1,100",3.40,3.50,3.40,0,0,0
17/03/2017,3.40,"8,500",3.20,3.40,3.30,0,0,0
16/03/2017,3.20,"4,300",3.20,3.20,3.20,0,0,0
15/03/2017,3.20,"12,000",3.50,3.50,3.20,0,0,0
14/03/2017,3.50,0,3.50,3.50,3.50,0,0,0
13/03/2017,3.50,200,3.40,3.50,3.40,0,0,0
10/03/2017,3.40,0,3.40,3.40,3.40,0,0,0
09/03/2017,3.40,"2,200",3.50,3.50,3.20,0,0,0
08/03/2017,3.50,150,3.40,3.50,3.50,0,0,0
07/03/2017,3.40,"8,500",3.20,3.40,3.20,0,0,0
06/03/2017,3.20,"5,400",3.20,3.20,3,0,0,0
03/03/2017,3.20,"41,900",3.10,3.30,3.10,0,0,0
02/03/2017,3.10,200,3.10,3.10,3.10,0,0,0
01/03/2017,3.10,"12,000",3.20,3.20,3.10,0,0,0
28/02/2017,3.20,0,3.20,3.20,3.20,0,0,0
27/02/2017,3.20,"6,600",3.30,3.30,3,0,0,0
24/02/2017,3.30,"3,900",3.40,3.40,3.10,0,0,0
23/02/2017,3.40,"1,100",3.40,3.40,3.20,0,0,0
22/02/2017,3.40,0,3.40,3.40,3.40,0,0,0
21/02/2017,3.40,"13,300",3.40,3.40,3.10,0,0,0
20/02/2017,3.40,"3,800",3.40,3.40,3.10,0,0,0
17/02/2017,3.40,"10,800",3.20,3.40,3.20,0,0,0
16/02/2017,3.20,"9,300",3.10,3.20,3.10,0,0,0
15/02/2017,3.10,"18,900",3.20,3.50,3.10,0,0,0
14/02/2017,3.20,"5,900",3.30,3.30,3.20,0,0,0
13/02/2017,3.30,0,3.30,3.30,3.30,0,0,0
10/02/2017,3.30,100,3.30,3.30,3.30,0,0,0
09/02/2017,3.30,100,3.20,3.30,3.30,0,0,0
08/02/2017,3.20,"2,010",3.30,3.30,3.20,0,0,0
07/02/2017,3.30,"6,700",3.60,3.60,3.30,0,0,0
06/02/2017,3.60,"2,000",3.60,3.60,3.50,0,0,0
03/02/2017,3.60,"2,200",3.60,3.60,3.30,0,0,0
02/02/2017,3.60,100,3.50,3.60,3.60,0,0,0
25/01/2017,3.50,0,3.50,3.50,3.50,0,0,0
24/01/2017,3.50,0,3.50,3.50,3.50,0,0,0
23/01/2017,3.50,"3,500",3.30,3.60,3,0,0,0
20/01/2017,3.30,800,3.40,3.40,3.20,0,0,0
19/01/2017,3.40,0,3.40,3.40,3.40,0,0,0
18/01/2017,3.40,0,3.40,3.40,3.40,0,0,0
17/01/2017,3.40,"67,000",3.40,3.40,3.20,0,0,0
16/01/2017,3.40,0,3.40,3.40,3.40,0,0,0
13/01/2017,3.40,100,3.40,3.40,3.40,0,0,0
12/01/2017,3.40,"5,000",3.40,3.40,3.30,0,0,0
11/01/2017,3.40,"4,600",3.50,3.50,3.40,0,0,0
10/01/2017,3.50,"2,500",3.60,3.60,3.40,0,0,0
09/01/2017,3.60,"4,100",3.30,3.60,3.30,0,0,0
06/01/2017,3.30,300,3.40,3.40,3.30,0,0,0
05/01/2017,3.40,10,3.40,3.40,3.40,0,0,0
04/01/2017,3.40,"5,600",3.40,3.40,3.20,0,0,0
03/01/2017,3.40,0,3.40,3.40,3.40,0,0,0
30/12/2016,3.40,0,3.40,3.40,3.40,0,0,0
29/12/2016,3.40,0,3.40,3.40,3.40,0,0,0
28/12/2016,3.40,"4,900",3.20,3.50,3,0,0,0
27/12/2016,3.20,"5,100",3.10,3.20,3.10,0,0,0
26/12/2016,3.10,"5,800",3.20,3.20,3.10,0,0,0
23/12/2016,3.20,0,3.20,3.20,3.20,0,0,0
22/12/2016,3.20,"4,000",3.20,3.20,3.20,0,0,0
21/12/2016,3.20,"8,100",3.20,3.20,3.10,0,0,0
20/12/2016,3.20,0,3.20,3.20,3.20,0,0,0
19/12/2016,3.20,0,3.20,3.20,3.20,0,0,0
16/12/2016,3.20,"7,800",3.20,3.20,2.90,0,0,0
15/12/2016,3.20,0,3.20,3.20,3.20,0,0,0
14/12/2016,3.20,"6,000",3.20,3.20,3.20,0,0,0
13/12/2016,3.20,"14,000",3.30,3.30,3.20,0,0,0
12/12/2016,3.30,0,3.30,3.30,3.30,0,0,0
09/12/2016,3.30,500,3.20,3.30,3.30,0,0,0
08/12/2016,3.20,"34,000",3.20,3.20,3.20,0,0,0
07/12/2016,3.20,"11,300",3.40,3.40,3.20,0,0,0
06/12/2016,3.40,"17,200",3.20,3.50,3.20,0,0,0
05/12/2016,3.20,0,3.20,3.20,3.20,0,0,0
02/12/2016,3.20,"7,800",3.10,3.20,3.10,0,0,0
01/12/2016,3.10,"7,000",3.20,3.20,3.10,0,0,0
30/11/2016,3.20,"10,100",3.20,3.20,3.10,0,0,0
29/11/2016,3.20,500,3.20,3.20,3.10,0,0,0
28/11/2016,3.20,0,3.20,3.20,3.20,0,0,0
25/11/2016,3.20,"3,300",3.20,3.20,3.10,0,0,0
24/11/2016,3.20,"7,200",3.20,3.20,3.10,0,0,0
23/11/2016,3.20,"6,400",3.10,3.20,3.10,0,0,0
22/11/2016,3.10,"14,600",3.10,3.20,2.90,0,0,0
21/11/2016,3.10,"14,300",3.10,3.20,3.10,0,0,0
18/11/2016,3.10,"4,000",3.10,3.30,2.90,0,0,0
17/11/2016,3.10,"5,400",3.10,3.10,2.90,0,0,0
16/11/2016,3.10,700,3.20,3.20,3.10,0,0,0
15/11/2016,3.20,0,3.20,3.20,3.20,0,0,0
14/11/2016,3.20,"1,700",3.20,3.20,3.10,0,0,0
11/11/2016,3.20,"2,100",3.30,3.30,3.10,0,0,0
10/11/2016,3.30,"3,600",3.20,3.30,3,0,0,0
09/11/2016,3.20,"14,600",3.30,3.30,3.10,0,0,0
08/11/2016,3.30,"113,500",3.20,3.30,3.20,0,0,0
07/11/2016,3.20,"50,400",3.20,3.40,3.20,0,0,0
04/11/2016,3.20,"10,100",3.10,3.20,3.10,0,0,0
03/11/2016,3.10,"12,000",3.20,3.20,3.10,0,0,0
02/11/2016,3.20,"12,400",3.20,3.20,3.10,0,0,0
01/11/2016,3.20,"6,700",3,3.20,3.10,0,0,0
31/10/2016,3,100,3.20,3.20,3,0,0,0
28/10/2016,3.20,"6,300",3.50,3.50,3.20,0,0,0
27/10/2016,3.50,"4,300",3.40,3.70,3.10,0,0,0
26/10/2016,3.40,200,3.10,3.40,3.20,0,0,0
25/10/2016,3.10,"28,700",2.90,3.10,3,0,0,0
24/10/2016,2.90,"1,000",3.10,3.10,2.90,0,0,0
21/10/2016,3.10,200,3.10,3.10,3.10,0,0,0
20/10/2016,3.10,"7,100",3.10,3.10,3,0,0,0
19/10/2016,3.10,"6,100",3.40,3.40,3.10,0,0,0
18/10/2016,3.40,"1,500",3.30,3.60,3.40,0,0,0
17/10/2016,3.30,"11,600",3.40,3.40,3.10,0,0,0
14/10/2016,3.40,"1,000",3.30,3.40,3.30,0,0,0
13/10/2016,3.30,0,3.30,3.30,3.30,0,0,0
12/10/2016,3.30,"12,500",3.20,3.30,3,0,0,0
11/10/2016,3.20,"6,800",3.10,3.20,3,0,0,0
10/10/2016,3.10,"20,110",3.20,3.20,3.10,0,0,0
07/10/2016,3.20,"3,000",3.20,3.20,3,0,0,0
06/10/2016,3.20,"15,900",3.10,3.20,3,0,0,0
05/10/2016,3.10,"18,100",3.10,3.20,3.10,0,0,0
04/10/2016,3.10,"21,000",3.10,3.10,3,0,0,0
03/10/2016,3.10,"17,000",3,3.20,3,0,0,0
30/09/2016,3,"9,900",3,3,3,0,0,0
29/09/2016,3,"10,400",3.10,3.10,2.90,0,0,0
28/09/2016,3.10,"12,700",3,3.10,3,0,0,0
27/09/2016,3,"31,600",2.90,3.10,2.90,0,0,0
26/09/2016,2.90,"12,900",3.10,3.10,2.90,0,0,0
23/09/2016,3.10,"9,400",3.10,3.10,3,0,0,0
22/09/2016,3.10,"6,600",3.10,3.10,2.90,0,0,0
21/09/2016,3.10,"4,400",3,3.10,3,0,0,0
20/09/2016,3,"4,800",2.90,3,2.90,0,0,0
19/09/2016,2.90,"1,900",3,3,2.90,0,0,0
16/09/2016,3,"27,710",2.90,3,2.90,0,0,0
15/09/2016,2.90,"28,800",2.70,2.90,2.80,0,0,0
14/09/2016,2.70,"24,400",2.80,2.90,2.60,0,0,0
13/09/2016,2.80,"17,200",2.90,2.90,2.80,0,0,0
12/09/2016,2.90,"1,800",3.10,3.20,2.90,0,0,0
09/09/2016,3.10,"1,100",2.90,3.10,3,0,0,0
08/09/2016,2.90,"14,700",3,3,2.90,0,0,0
07/09/2016,3,"2,800",3,3,2.90,0,0,0
06/09/2016,3,"11,900",3,3,2.90,0,0,0
05/09/2016,3,"6,500",3.10,3.10,3,0,0,0
01/09/2016,3.10,"12,100",3.10,3.10,3.10,0,0,0
31/08/2016,3.10,"18,300",3,3.10,3,0,0,0
30/08/2016,3,"22,000",3.10,3.10,3,0,0,0
29/08/2016,3.10,"45,910",3.30,3.30,3.10,0,0,0
26/08/2016,3.30,"12,100",3.30,3.30,3.20,0,0,0
25/08/2016,3.30,"21,200",3.30,3.30,3.20,0,0,0
24/08/2016,3.30,"2,800",3.20,3.30,3.20,0,0,0
23/08/2016,3.20,"10,100",3.20,3.30,3.20,0,0,0
22/08/2016,3.20,"8,400",3,3.20,3.10,0,0,0
19/08/2016,3,"31,600",3,3.10,3,0,0,0
18/08/2016,3,"12,200",3.10,3.10,3,0,0,0
17/08/2016,3.10,"2,700",3,3.10,3,0,0,0
16/08/2016,3,"28,000",3.10,3.10,3,0,0,0
15/08/2016,3.10,"2,100",3.10,3.10,3,0,0,0
12/08/2016,3.10,"29,100",3,3.10,3.10,0,0,0
11/08/2016,3,"137,200",3,3.10,2.80,0,0,0
10/08/2016,3,"1,100",3.10,3.10,2.90,0,0,0
09/08/2016,3.10,"8,600",3.10,3.10,2.80,0,0,0
08/08/2016,3.10,0,3.10,3.10,3.10,0,0,0
05/08/2016,3.10,"6,800",3.10,3.10,3,0,0,0
04/08/2016,3.10,"3,100",3.20,3.20,3,0,0,0
03/08/2016,3.20,0,3.20,3.20,3.20,0,0,0
02/08/2016,3.20,"5,200",3.30,3.30,3.10,0,0,0
01/08/2016,3.30,"37,100",3.30,3.30,3.20,0,0,0
29/07/2016,3.30,"25,500",3.30,3.30,3.20,0,0,0
28/07/2016,3.30,"13,800",3.10,3.40,3.10,0,0,0
27/07/2016,3.10,"6,800",3.10,3.10,3,0,0,0
26/07/2016,3.10,"10,500",3.10,3.20,3.10,0,0,0
25/07/2016,3.10,"1,100",3.10,3.10,3,0,0,0
22/07/2016,3.10,"3,100",3.10,3.10,3,0,0,0
21/07/2016,3.10,"8,500",3.20,3.30,3,0,0,0
20/07/2016,3.20,600,3.10,3.20,3.10,0,0,0
19/07/2016,3.10,"4,900",3.20,3.20,3,0,0,0
18/07/2016,3.20,"2,600",3.10,3.20,3.10,0,0,0
15/07/2016,3.10,"3,200",3.10,3.10,3,0,0,0
14/07/2016,3.10,"13,700",3.20,3.20,3.10,0,"1,000",-0.0
13/07/2016,3.20,"16,100",3.10,3.40,3.10,0,"2,000",-0.0
12/07/2016,3.10,"6,100",3.10,3.20,3.10,0,0,0
11/07/2016,3.10,"5,400",3.30,3.30,3.10,0,0,0
08/07/2016,3.30,"6,900",3.40,3.40,3.30,0,0,0
07/07/2016,3.40,"13,900",3.40,3.40,3.30,"3,000",0,0.0
06/07/2016,3.40,"28,700",3.30,3.40,3.20,0,0,0
05/07/2016,3.30,"29,100",3.40,3.40,3.30,0,0,0
04/07/2016,3.40,"30,600",3.70,3.70,3.40,0,0,0
01/07/2016,3.70,"27,200",3.60,3.70,3.50,0,0,0
30/06/2016,3.60,"10,800",3.40,3.60,3.50,0,0,0
29/06/2016,3.40,"26,200",3.40,3.50,3.40,0,0,0
28/06/2016,3.40,600,3.50,3.50,3.40,0,0,0
27/06/2016,3.50,"7,700",3.50,3.50,3.30,0,0,0
24/06/2016,3.50,"24,100",3.60,3.60,3.30,0,0,0
23/06/2016,3.60,"2,100",3.50,3.60,3.40,0,0,0
22/06/2016,3.50,"5,200",3.50,3.50,3.40,0,0,0
21/06/2016,3.50,"11,300",3.60,3.60,3.40,0,0,0
20/06/2016,3.60,"6,700",3.60,3.60,3.50,0,0,0
17/06/2016,3.60,"5,100",3.60,3.70,3.50,0,0,0
16/06/2016,3.60,"12,300",3.40,3.60,3.50,0,0,0
15/06/2016,3.40,"10,400",3.60,3.60,3.40,0,0,0
14/06/2016,3.60,300,3.60,3.60,3.50,0,0,0
13/06/2016,3.60,"9,900",3.50,3.60,3.40,0,0,0
10/06/2016,3.50,"34,900",3.50,3.50,3.40,0,0,0
09/06/2016,3.50,"21,200",3.70,3.70,3.50,0,0,0
08/06/2016,3.70,"18,200",3.60,3.70,3.60,0,0,0
07/06/2016,3.60,"5,000",3.80,3.80,3.60,0,0,0
06/06/2016,3.80,"6,700",3.80,3.80,3.60,0,0,0
03/06/2016,3.80,"23,800",3.70,3.80,3.50,0,0,0
02/06/2016,3.70,"38,300",3.70,3.70,3.50,0,0,0
01/06/2016,3.70,"9,410",3.80,3.80,3.70,0,0,0
31/05/2016,3.80,"42,900",3.70,3.80,3.60,0,0,0
30/05/2016,3.70,"6,500",3.70,3.80,3.60,0,0,0
27/05/2016,3.70,"9,800",3.60,3.70,3.60,0,0,0
26/05/2016,3.60,"12,940",3.60,3.60,3.50,0,0,0
25/05/2016,3.60,"24,400",3.60,3.60,3.50,0,0,0
24/05/2016,3.60,"7,710",3.50,3.60,3.40,0,0,0
23/05/2016,3.50,"17,300",3.70,3.70,3.50,0,0,0
20/05/2016,3.70,"1,100",3.70,3.70,3.60,0,0,0
19/05/2016,3.70,"11,300",3.70,3.70,3.60,0,0,0
18/05/2016,3.70,"2,400",3.70,3.70,3.60,0,0,0
17/05/2016,3.70,"8,200",3.80,3.80,3.70,0,0,0
16/05/2016,3.80,100,3.80,3.80,3.80,0,0,0
13/05/2016,3.80,"1,700",3.80,3.80,3.70,0,0,0
12/05/2016,3.80,"4,600",3.70,3.80,3.70,0,0,0
11/05/2016,3.70,"23,800",3.90,3.90,3.70,0,0,0
10/05/2016,3.90,"53,200",3.80,3.90,3.60,0,0,0
09/05/2016,3.80,"3,100",4,4,3.80,0,0,0
06/05/2016,4,"27,400",4,4,3.90,0,0,0
05/05/2016,4,"19,600",4,4.10,3.90,0,0,0
04/05/2016,4,"1,400",4,4,3.90,0,0,0
29/04/2016,4,"1,300",3.90,4,3.90,0,0,0
28/04/2016,3.90,"5,300",3.90,4,3.90,0,0,0
27/04/2016,3.90,"4,000",4,4,3.90,0,0,0
26/04/2016,4,"4,100",4,4,3.90,0,0,0
25/04/2016,4,"15,000",3.90,4.10,3.90,"2,000",0,0.0
22/04/2016,3.90,"10,100",3.90,4,3.90,0,0,0
21/04/2016,3.90,"2,800",4,4,3.90,0,0,0
20/04/2016,4,"1,300",4,4,4,0,0,0
19/04/2016,4,"14,100",4.10,4.10,4,0,0,0
15/04/2016,4.10,"14,900",4.10,4.10,4.10,0,0,0
14/04/2016,4.10,"20,100",4,4.10,4,0,0,0
13/04/2016,4,"12,300",4.10,4.10,3.70,0,0,0
12/04/2016,4.10,"22,100",4.20,4.20,4,0,0,0
11/04/2016,4.20,"6,800",4.30,4.40,4.20,0,0,0
08/04/2016,4.30,"23,408",4.20,4.30,4.20,0,0,0
07/04/2016,4.20,"11,400",4.30,4.30,4.20,0,0,0
06/04/2016,4.30,"13,500",4.20,4.30,4.10,0,0,0
05/04/2016,4.20,"25,600",4.20,4.30,4.10,0,0,0
04/04/2016,4.20,"7,100",4.20,4.20,4.10,0,0,0
01/04/2016,4.20,"22,100",4.30,4.30,4.10,0,0,0
31/03/2016,4.30,"61,300",4.10,4.40,4.10,0,0,0
30/03/2016,4.10,"27,800",4.20,4.20,4,0,0,0
29/03/2016,4.20,"13,400",4.20,4.20,4.20,0,0,0
28/03/2016,4.20,"26,200",4.40,4.40,4.20,0,0,0
25/03/2016,4.40,"10,000",4.30,4.40,4.20,0,0,0
24/03/2016,4.30,"14,800",4.40,4.50,4.30,0,0,0
23/03/2016,4.40,"30,000",4.50,4.50,4.10,0,0,0
22/03/2016,4.50,"5,700",4.50,4.50,4.40,0,0,0
21/03/2016,4.50,"21,200",4.50,4.50,4.40,0,0,0
18/03/2016,4.50,"14,900",4.50,4.50,4.40,0,0,0
17/03/2016,4.50,"14,700",4.50,4.60,4.50,0,0,0
16/03/2016,4.50,"10,000",4.50,4.60,4.40,0,0,0
15/03/2016,4.50,"25,700",4.50,4.50,4.40,0,0,0
14/03/2016,4.50,"86,200",4.50,4.60,4.40,0,0,0
11/03/2016,4.50,"30,400",4.70,4.80,4.50,0,0,0
10/03/2016,4.70,"16,500",4.80,4.80,4.60,0,0,0
09/03/2016,4.80,"96,700",4.60,5,4.60,0,0,0
08/03/2016,4.60,"32,300",4.60,4.60,4.50,0,0,0
07/03/2016,4.60,"63,200",4.50,4.70,4.60,0,0,0
04/03/2016,4.50,"18,100",4.50,4.60,4.40,0,0,0
03/03/2016,4.50,"13,300",4.50,4.60,4.50,0,0,0
02/03/2016,4.50,"20,400",4.60,4.60,4.50,0,0,0
01/03/2016,4.60,"36,100",4.50,4.60,4.50,0,0,0
29/02/2016,4.50,"33,600",4.60,4.60,4.40,0,0,0
26/02/2016,4.60,"7,100",4.60,4.60,4.50,0,0,0
25/02/2016,4.60,"6,100",4.60,4.60,4.50,0,0,0
24/02/2016,4.60,"11,900",4.60,4.60,4.50,0,0,0
23/02/2016,4.60,"2,100",4.60,4.60,4.60,0,0,0
22/02/2016,4.60,"32,200",4.70,4.70,4.50,0,0,0
19/02/2016,4.70,"15,500",4.70,4.70,4.60,0,0,0
18/02/2016,4.70,"61,100",4.80,4.80,4.70,0,0,0
17/02/2016,4.80,"61,800",4.80,4.80,4.70,0,0,0
16/02/2016,4.80,"4,700",4.80,4.80,4.70,0,0,0
15/02/2016,4.80,"22,500",4.70,4.80,4.70,0,0,0
05/02/2016,4.70,"18,500",4.70,4.80,4.60,0,0,0
04/02/2016,4.70,"27,600",4.70,4.80,4.60,0,0,0
03/02/2016,4.70,"21,300",4.60,4.70,4.50,0,0,0
02/02/2016,4.60,"70,100",4.70,4.70,4.60,0,0,0
01/02/2016,4.70,"11,200",4.70,4.70,4.60,0,0,0
29/01/2016,4.70,"10,000",4.60,4.70,4.50,0,0,0
28/01/2016,4.60,"25,000",4.50,4.60,4.30,0,0,0
27/01/2016,4.50,"27,200",4.30,4.50,4.30,0,0,0
26/01/2016,4.30,"8,000",4.40,4.40,4.30,0,0,0
25/01/2016,4.40,"24,600",4.20,4.40,4.20,0,0,0
22/01/2016,4.20,"21,600",4.30,4.30,4.10,0,0,0
21/01/2016,4.30,"51,900",4.30,4.30,4.20,0,0,0
20/01/2016,4.30,"27,700",4.40,4.40,4.20,0,0,0
19/01/2016,4.40,"44,400",4.30,4.40,4.20,0,0,0
18/01/2016,4.30,"48,100",4.40,4.40,4.20,0,0,0
15/01/2016,4.40,"15,500",4.50,4.50,4.40,0,0,0
14/01/2016,4.50,"14,600",4.60,4.60,4.30,0,0,0
13/01/2016,4.60,"26,300",4.60,5,4.50,0,0,0
12/01/2016,4.60,"29,100",4.50,4.60,4.30,0,0,0
11/01/2016,4.50,"14,700",4.50,4.60,4.20,0,0,0
08/01/2016,4.50,"8,900",4.50,4.50,4.40,0,0,0
07/01/2016,4.50,"45,900",4.60,4.60,4.40,0,0,0
06/01/2016,4.60,"204,400",4.40,4.60,4.40,0,0,0
05/01/2016,4.40,"9,900",4.60,4.60,4.40,0,0,0
04/01/2016,4.60,"3,400",4.50,4.60,4.50,0,0,0
31/12/2015,4.50,"121,400",4.60,4.60,4.40,0,0,0
30/12/2015,4.60,"6,800",4.50,4.60,4.50,0,0,0
29/12/2015,4.50,"7,700",4.30,4.50,4.30,0,0,0
28/12/2015,4.30,"42,900",4.40,4.50,4.30,0,0,0
25/12/2015,4.40,"10,300",4.50,4.50,4.40,0,0,0
24/12/2015,4.50,"6,100",4.60,4.60,4.50,0,0,0
23/12/2015,4.60,"3,810",4.60,4.60,4.50,0,0,0
22/12/2015,4.60,"59,300",4.70,4.70,4.50,0,0,0
21/12/2015,4.70,"74,100",4.70,4.80,4.60,0,0,0
18/12/2015,4.70,"50,310",4.50,4.70,4.50,0,0,0
17/12/2015,4.50,"6,300",4.50,4.50,4.50,0,0,0
16/12/2015,4.50,400,4.50,4.50,4.40,0,0,0
15/12/2015,4.50,"6,300",4.40,4.50,4.40,0,0,0
14/12/2015,4.40,"228,000",4.60,4.60,4.30,0,0,0
11/12/2015,4.60,"13,600",4.70,4.70,4.50,0,0,0
10/12/2015,4.70,"15,500",4.70,4.80,4.60,0,0,0
09/12/2015,4.70,"81,000",4.60,4.70,4.60,0,0,0
08/12/2015,4.60,"258,000",4.50,4.70,4.30,0,0,0
07/12/2015,4.50,"8,100",4.40,4.50,4.30,0,0,0
04/12/2015,4.40,"19,300",4.30,4.40,4.20,0,0,0
03/12/2015,4.30,"3,500",4.40,4.40,4.30,0,0,0
02/12/2015,4.40,"27,200",4.40,4.40,4.30,0,0,0
01/12/2015,4.40,"31,500",4.30,4.50,4.30,0,0,0
30/11/2015,4.30,"12,800",4.30,4.50,4.20,0,0,0
27/11/2015,4.30,"18,400",4.50,4.50,4.30,0,0,0
26/11/2015,4.50,"15,000",4.30,4.50,4.30,0,0,0
25/11/2015,4.30,"109,100",4.20,4.40,4,0,0,0
24/11/2015,4.20,"101,800",4.40,4.40,4.20,0,0,0
23/11/2015,4.40,"9,300",4.40,4.40,4.30,0,0,0
20/11/2015,4.40,"3,000",4.40,4.40,4.20,0,0,0
19/11/2015,4.40,"118,000",4.50,4.50,4.30,0,0,0
18/11/2015,4.50,"156,900",4.60,4.60,4.40,0,"25,000",-0.1
17/11/2015,4.60,"20,900",4.80,4.80,4.40,0,0,0
16/11/2015,4.80,"72,102",4.80,4.90,4.80,0,0,0
13/11/2015,4.80,"132,000",4.70,4.90,4.70,0,0,0
12/11/2015,4.70,"156,808",4.40,4.70,4.40,"25,000",0,0.1
11/11/2015,4.40,"70,300",4.40,4.60,4.40,0,0,0
10/11/2015,4.40,"6,700",4.60,4.60,4.40,0,0,0
09/11/2015,4.60,"25,800",4.50,4.60,4.30,0,0,0
06/11/2015,4.50,"50,120",4.50,4.60,4.40,0,0,0
05/11/2015,4.50,"37,700",4.60,4.60,4.50,0,0,0
04/11/2015,4.60,"17,800",4.40,4.60,4.40,0,0,0
03/11/2015,4.40,"15,208",4.30,4.40,4.20,0,0,0
02/11/2015,4.30,"17,132",4.20,4.30,4.20,0,0,0
30/10/2015,4.20,"22,600",4.10,4.30,4.10,0,0,0
29/10/2015,4.10,"46,400",4.10,4.30,4.10,0,0,0
28/10/2015,4.10,"10,200",4,4.10,4,0,0,0
27/10/2015,4,"17,200",3.90,4,3.90,0,0,0
26/10/2015,3.90,"26,300",3.90,4,3.90,0,0,0
23/10/2015,3.90,"17,100",3.90,3.90,3.80,0,0,0
22/10/2015,3.90,"21,500",3.80,3.90,3.80,0,0,0
21/10/2015,3.80,"9,600",3.80,3.80,3.80,0,0,0
20/10/2015,3.80,"49,300",3.90,3.90,3.70,0,0,0
19/10/2015,3.90,200,3.90,3.90,3.80,0,0,0
16/10/2015,3.90,"43,100",3.90,4,3.70,0,0,0
15/10/2015,3.90,"1,600",3.80,3.90,3.80,0,0,0
14/10/2015,3.80,"10,100",3.80,3.80,3.80,0,0,0
13/10/2015,3.80,"30,100",3.80,3.80,3.70,0,0,0
12/10/2015,3.80,"10,000",3.80,3.80,3.80,0,0,0
09/10/2015,3.80,"8,200",3.80,3.80,3.70,0,0,0
08/10/2015,3.80,"9,500",3.80,3.90,3.70,0,0,0
07/10/2015,3.80,"19,800",3.60,3.80,3.60,0,0,0
06/10/2015,3.60,"67,500",3.80,3.80,3.60,0,0,0
05/10/2015,3.80,"10,200",3.70,3.80,3.70,0,0,0
02/10/2015,3.70,"28,500",3.70,3.80,3.70,0,0,0
01/10/2015,3.70,"37,200",3.60,3.80,3.60,0,0,0
30/09/2015,3.60,"23,400",3.60,3.80,3.60,0,0,0
29/09/2015,3.60,"21,500",3.60,3.80,3.60,0,0,0
28/09/2015,3.60,"13,200",3.80,3.80,3.60,0,0,0
25/09/2015,3.80,"12,100",3.80,3.80,3.70,0,0,0
24/09/2015,3.80,"12,800",3.70,3.80,3.60,0,0,0
23/09/2015,3.70,"16,700",3.70,3.70,3.50,0,0,0
22/09/2015,3.70,"16,200",3.50,3.70,3.50,0,0,0
21/09/2015,3.50,"16,100",3.60,3.60,3.50,0,0,0
18/09/2015,3.60,"5,000",3.60,3.60,3.60,0,0,0
17/09/2015,3.60,"22,400",3.50,3.60,3.50,0,0,0
16/09/2015,3.50,"2,100",3.40,3.50,3.40,0,0,0
15/09/2015,3.40,"7,200",3.50,3.50,3.40,0,0,0
14/09/2015,3.50,"28,600",3.70,3.70,3.50,0,0,0
11/09/2015,3.70,"44,300",3.60,3.70,3.50,0,0,0
10/09/2015,3.60,"3,900",3.60,3.60,3.60,0,0,0
09/09/2015,3.60,"10,500",3.50,3.60,3.50,0,0,0
08/09/2015,3.50,"18,000",3.50,3.60,3.40,0,0,0
07/09/2015,3.50,"38,900",3.50,3.60,3.40,0,0,0
04/09/2015,3.50,"15,600",3.50,3.50,3.40,0,0,0
03/09/2015,3.50,"38,300",3.50,3.50,3.30,0,0,0
01/09/2015,3.50,"4,500",3.40,3.50,3.40,0,0,0
31/08/2015,3.40,"26,500",3.50,3.50,3.30,0,0,0
28/08/2015,3.50,"37,000",3.30,3.50,3.30,0,0,0
27/08/2015,3.30,"23,409",3.30,3.40,3.30,0,0,0
26/08/2015,3.30,"105,810",3,3.30,3,0,0,0
25/08/2015,3,"220,101",3.30,3.30,3,0,0,0
24/08/2015,3.30,"154,000",3.60,3.60,3.30,0,0,0
21/08/2015,3.60,"47,200",3.90,3.90,3.60,0,0,0
20/08/2015,3.90,"15,600",3.80,3.90,3.60,0,0,0
19/08/2015,3.80,"2,400",3.80,3.80,3.60,0,0,0
18/08/2015,3.80,"2,200",3.70,3.80,3.60,0,0,0
17/08/2015,3.70,"108,200",3.90,3.90,3.60,0,0,0
14/08/2015,3.90,"23,900",4.10,4.10,3.80,0,0,0
13/08/2015,4.10,"5,400",4.10,4.10,3.90,0,0,0
12/08/2015,4.10,"64,100",4.10,4.10,3.80,0,0,0
11/08/2015,4.10,"35,000",4.30,4.50,4,0,0,0
10/08/2015,4.30,"32,500",4.50,4.50,4.20,0,0,0
07/08/2015,4.50,"17,600",4.50,4.50,4.30,0,0,0
06/08/2015,4.50,"33,800",4.50,4.50,4.40,0,0,0
05/08/2015,4.50,"23,400",4.60,4.70,4.40,0,0,0
04/08/2015,4.60,"22,700",4.50,4.60,4.30,0,0,0
03/08/2015,4.50,"5,900",4.60,4.60,4.40,0,0,0
31/07/2015,4.60,"17,200",4.60,4.70,4.40,0,0,0
30/07/2015,4.60,"7,700",4.70,4.70,4.50,0,0,0
29/07/2015,4.70,"31,000",4.40,4.70,4.40,0,0,0
28/07/2015,4.40,"15,600",4.60,4.60,4.40,0,0,0
27/07/2015,4.60,"17,400",4.60,4.60,4.30,0,0,0
24/07/2015,4.60,"15,000",4.60,4.70,4.50,0,0,0
23/07/2015,4.60,"54,400",4.70,4.70,4.50,0,0,0
22/07/2015,4.70,"2,400",4.70,4.70,4.50,0,0,0
21/07/2015,4.70,"9,800",4.70,4.70,4.60,0,0,0
20/07/2015,4.70,"25,300",4.70,4.70,4.60,0,0,0
17/07/2015,4.70,"40,300",4.70,4.70,4.60,0,0,0
16/07/2015,4.70,"44,500",4.60,4.80,4.60,0,0,0
15/07/2015,4.60,"33,900",4.60,4.70,4.60,0,0,0
14/07/2015,4.60,"46,300",4.70,4.80,4.50,0,0,0
13/07/2015,4.70,"62,900",4.70,4.70,4.50,0,0,0
10/07/2015,4.70,"7,700",4.40,4.70,4.40,0,0,0
09/07/2015,4.40,"88,902",4.70,4.70,4.40,0,0,0
08/07/2015,4.70,"44,100",4.90,4.90,4.70,0,0,0
07/07/2015,4.90,"87,900",4.80,4.90,4.80,0,0,0
06/07/2015,4.80,"60,100",4.90,4.90,4.70,0,0,0
03/07/2015,4.90,"36,500",4.90,4.90,4.80,0,0,0
02/07/2015,4.90,"40,400",4.80,4.90,4.70,0,0,0
01/07/2015,4.80,"46,700",5,5,4.70,0,0,0
30/06/2015,5,"88,500",5,5,4.80,0,0,0
29/06/2015,5,"65,900",4.80,5,4.70,0,"1,000",-0.0
26/06/2015,4.80,"94,900",5,5,4.60,0,0,0
25/06/2015,5,"19,700",4.90,5,4.90,0,0,0
24/06/2015,4.90,"46,800",4.90,5,4.80,0,0,0
23/06/2015,4.90,"39,300",4.90,4.90,4.80,0,0,0
22/06/2015,4.90,"39,200",4.90,5,4.80,0,0,0
19/06/2015,4.90,"84,100",5.10,5.10,4.80,0,0,0
18/06/2015,5.10,"101,000",4.90,5.10,4.90,0,0,0
17/06/2015,4.90,"111,300",4.90,5,4.80,0,0,0
16/06/2015,4.90,"109,300",4.90,5,4.80,0,0,0
15/06/2015,4.90,"74,290",4.90,5,4.80,0,0,0
12/06/2015,4.90,"43,900",5,5,4.90,0,0,0
11/06/2015,5,"64,700",4.90,5.10,4.80,0,0,0
10/06/2015,4.90,"178,500",4.90,5,4.70,0,0,0
09/06/2015,4.90,"69,300",4.90,5,4.80,0,0,0
08/06/2015,4.90,"105,500",5.10,5.20,4.90,0,0,0
05/06/2015,5.10,"629,700",4.80,5.20,4.80,0,0,0
04/06/2015,4.80,"141,900",4.40,4.80,4.50,0,0,0
03/06/2015,4.40,"69,800",4.40,4.50,4.40,0,0,0
02/06/2015,4.40,"38,500",4.50,4.50,4.40,0,0,0
01/06/2015,4.50,"86,100",4.50,4.70,4.50,0,0,0
29/05/2015,4.50,"87,400",4.40,4.50,4.40,0,0,0
28/05/2015,4.40,"72,300",4.50,4.60,4.40,0,0,0
27/05/2015,4.50,"71,500",4.60,4.60,4.50,0,0,0
26/05/2015,4.60,"51,800",4.60,4.60,4.50,0,0,0
25/05/2015,4.60,"84,600",4.60,4.60,4.30,0,0,0
22/05/2015,4.60,"99,400",4.30,4.60,4.20,0,0,0
21/05/2015,4.30,"51,300",4.40,4.50,4.10,0,0,0
20/05/2015,4.40,"70,300",4.10,4.40,4.10,0,0,0
19/05/2015,4.10,"44,600",4,4.10,4,0,0,0
18/05/2015,4,"90,200",4.20,4.20,4,0,0,0
15/05/2015,4.20,"100,500",4.30,4.30,4.20,0,0,0
14/05/2015,4.30,"42,100",4.40,4.40,4.30,0,0,0
13/05/2015,4.40,"37,500",4.40,4.40,4.20,0,0,0
12/05/2015,4.40,"46,000",4.40,4.40,4.20,0,0,0
11/05/2015,4.40,"43,000",4.60,4.60,4.40,0,0,0
08/05/2015,4.60,"26,800",4.40,4.60,4.40,0,0,0
07/05/2015,4.40,"57,000",4.30,4.40,4.30,0,0,0
06/05/2015,4.30,"87,900",4.60,4.60,4.30,0,0,0
05/05/2015,4.60,"61,300",4.50,4.60,4.30,0,0,0
04/05/2015,4.50,"49,900",4.70,4.70,4.40,0,0,0
27/04/2015,4.70,"223,900",4.60,4.80,4.50,0,0,0
24/04/2015,4.60,"21,100",4.60,4.60,4.50,0,0,0
23/04/2015,4.60,"61,600",4.60,4.60,4.20,0,0,0
22/04/2015,4.60,"57,400",4.50,4.60,4.40,0,0,0
21/04/2015,4.50,"155,300",4.60,4.60,4.40,0,0,0
20/04/2015,4.60,"29,500",4.80,4.80,4.60,0,0,0
17/04/2015,4.80,"37,400",4.80,4.80,4.60,0,0,0
16/04/2015,4.80,"31,000",4.80,4.80,4.70,0,0,0
15/04/2015,4.80,"42,400",4.70,4.80,4.70,0,0,0
14/04/2015,4.70,"52,900",4.80,4.80,4.70,0,0,0
13/04/2015,4.80,"46,200",4.80,4.90,4.80,0,0,0
10/04/2015,4.80,"43,800",4.80,4.90,4.80,0,0,0
09/04/2015,4.80,"51,300",4.80,4.90,4.60,0,0,0
08/04/2015,4.80,"24,000",4.90,4.90,4.70,0,0,0
07/04/2015,4.90,"32,700",4.80,4.90,4.70,0,0,0
06/04/2015,4.80,"106,600",4.60,4.80,4.50,0,0,0
03/04/2015,4.60,"82,500",4.80,4.80,4.60,0,0,0
02/04/2015,4.80,"99,500",4.80,4.90,4.50,0,0,0
01/04/2015,4.80,"56,000",5,5,4.80,0,0,0
31/03/2015,5,"143,600",5,5,5,0,0,0
30/03/2015,5,"147,500",5.20,5.20,5,0,0,0
27/03/2015,5.20,"85,100",5.20,5.30,5.10,0,0,0
26/03/2015,5.20,"153,000",5.30,5.40,5.20,0,0,0
25/03/2015,5.30,"162,000",5.40,5.40,5.20,0,0,0
24/03/2015,5.40,"243,000",5.50,5.50,5.20,0,0,0
23/03/2015,5.50,"129,200",5.40,5.60,5.40,0,0,0
20/03/2015,5.40,"75,800",5.40,5.50,5.40,0,0,0
19/03/2015,5.40,"102,230",5.50,5.60,5.40,0,0,0
18/03/2015,5.50,"249,800",5.50,5.70,5.40,0,0,0
17/03/2015,5.50,"143,700",5.50,5.60,5.40,0,0,0
16/03/2015,5.50,"86,200",5.40,5.60,5.50,0,0,0
13/03/2015,5.40,"80,500",5.50,5.60,5.40,0,0,0
12/03/2015,5.50,"80,502",5.40,5.60,5.40,0,0,0
11/03/2015,5.40,"173,500",5.70,5.70,5.40,0,0,0
10/03/2015,5.70,"185,500",5.60,5.70,5.30,0,0,0
09/03/2015,5.60,"149,230",5.70,5.70,5.50,0,0,0
06/03/2015,5.70,"173,400",5.80,5.80,5.60,0,"11,200",-0.1
05/03/2015,5.80,"321,508",5.60,5.90,5.70,0,"15,400",-0.1
04/03/2015,5.60,"374,900",5.30,5.80,5.40,0,200,-0.0
03/03/2015,5.30,"98,200",5.30,5.40,5.20,0,0,0
02/03/2015,5.30,"75,040",5.30,5.30,5,0,0,0
27/02/2015,5.30,"84,400",5.30,5.30,5.10,0,0,0
26/02/2015,5.30,"55,200",5.20,5.30,5.10,0,0,0
25/02/2015,5.20,"148,300",5.40,5.60,5.20,0,0,0
24/02/2015,5.40,"30,200",5.40,5.70,5.30,0,0,0
13/02/2015,5.40,"85,700",5.20,5.40,5.20,0,0,0
12/02/2015,5.20,"35,000",5.20,5.20,5.10,0,0,0
11/02/2015,5.20,"57,700",5.10,5.20,4.90,0,"5,400",-0.0
10/02/2015,5.10,"41,000",5.10,5.10,4.90,0,0,0
09/02/2015,5.10,"43,200",4.90,5.30,5,0,0,0
06/02/2015,4.90,"164,800",5.20,5.30,4.90,0,"19,600",-0.1
05/02/2015,5.20,"94,400",5.40,5.50,5.20,0,0,0
04/02/2015,5.40,"93,100",5.20,5.50,5.10,0,0,0
03/02/2015,5.20,"129,900",5.50,5.50,5.20,0,0,0
02/02/2015,5.50,"69,780",5.50,5.60,5.40,0,0,0
30/01/2015,5.50,"197,400",5.80,5.80,5.50,0,0,0
29/01/2015,5.80,"88,700",5.80,5.80,5.50,0,"1,000",-0.0
28/01/2015,5.80,"129,500",5.80,5.80,5.50,0,0,0
27/01/2015,5.80,"388,900",5.60,6,5.60,0,0,0
26/01/2015,5.60,"355,500",5.50,5.60,5.30,"58,500",0,0.3
23/01/2015,5.50,"190,800",5.60,5.70,5.50,0,0,0
22/01/2015,5.60,"119,200",5.50,5.60,5.50,0,0,0
21/01/2015,5.50,"273,900",5.50,5.70,5.50,0,0,0
20/01/2015,5.50,"186,000",5.70,5.80,5.40,0,"20,000",-0.1
19/01/2015,5.70,"508,800",5.30,5.80,5.30,0,"20,000",-0.1
16/01/2015,5.30,"59,400",5.30,5.40,5.20,0,0,0
15/01/2015,5.30,"67,600",5.40,5.40,5.20,0,0,0
14/01/2015,5.40,"21,100",5.40,5.40,5.30,0,0,0
13/01/2015,5.40,"34,700",5.30,5.40,5.30,0,0,0
12/01/2015,5.30,"67,100",5.30,5.40,5.20,0,0,0
09/01/2015,5.30,"78,600",5.30,5.40,5.30,0,"15,000",-0.1
08/01/2015,5.30,"146,500",5.30,5.40,5.20,0,0,0
07/01/2015,5.30,"90,700",5.50,5.50,5.30,0,0,0
06/01/2015,5.50,"98,100",5.30,5.50,5.10,0,0,0
05/01/2015,5.30,"74,800",5.30,5.40,5.20,0,0,0
31/12/2014,5.30,"143,900",5.30,5.50,5.20,0,0,0
30/12/2014,5.30,"127,000",5.30,5.30,4.90,0,0,0
29/12/2014,5.30,"67,000",5.40,5.40,5.10,0,0,0
26/12/2014,5.40,"69,200",5.50,5.50,5.30,0,"1,000",-0.0
25/12/2014,5.50,"249,200",5.30,5.70,5.30,0,0,0
24/12/2014,5.30,"169,900",5.40,5.50,5.30,0,0,0
23/12/2014,5.40,"44,600",5.40,5.50,5.20,0,0,0
22/12/2014,5.40,"89,200",5.30,5.50,5.30,0,0,0
19/12/2014,5.30,"182,300",5.40,5.50,5.20,0,0,0
18/12/2014,5.40,"155,600",5.30,5.60,5.30,0,0,0
17/12/2014,5.30,"178,700",5.60,5.80,5.20,0,0,0
16/12/2014,5.60,"111,700",5.90,5.90,5.60,0,0,0
15/12/2014,5.90,"110,900",5.90,6.10,5.90,0,0,0
12/12/2014,5.90,"39,500",5.90,6,5.80,0,0,0
11/12/2014,5.90,"51,800",6,6.10,5.90,0,0,0
10/12/2014,6,"271,300",5.80,6.10,5.70,0,0,0
09/12/2014,5.80,"310,800",6.20,6.20,5.80,0,0,0
08/12/2014,6.20,"224,700",6.40,6.40,6.20,0,0,0
05/12/2014,6.40,"224,300",6.40,6.40,6.20,0,0,0
04/12/2014,6.40,"443,600",6.60,6.90,6.40,"1,000",0,0.0
03/12/2014,6.60,"842,400",6,6.60,6,0,0,0
02/12/2014,6,"142,110",5.90,6.10,5.90,0,0,0
01/12/2014,5.90,"112,400",5.90,6,5.80,0,0,0
28/11/2014,5.90,"88,900",5.80,5.90,5.70,0,0,0
27/11/2014,5.80,"93,910",5.60,5.80,5.60,0,0,0
26/11/2014,5.60,"162,200",5.90,6,5.60,0,0,0
25/11/2014,5.90,"87,500",5.90,6,5.90,0,0,0
24/11/2014,5.90,"99,520",5.90,5.90,5.80,0,0,0
21/11/2014,5.90,"155,800",6.20,6.20,5.90,0,0,0
20/11/2014,6.20,"66,800",6,6.20,6,0,0,0
19/11/2014,6,"162,900",6.20,6.20,6,0,0,0
18/11/2014,6.20,"175,300",6.30,6.40,6.20,0,0,0
17/11/2014,6.30,"228,400",6.30,6.40,6.20,0,0,0
14/11/2014,6.30,"132,000",6.50,6.50,6.20,0,0,0
13/11/2014,6.50,"300,230",6.40,6.60,6.40,0,0,0
12/11/2014,6.40,"184,000",6.20,6.40,6,0,0,0
11/11/2014,6.20,"180,700",6.10,6.20,6,0,0,0
10/11/2014,6.10,"114,900",6.10,6.20,6,0,0,0
07/11/2014,6.10,"159,600",6,6.30,6,"20,000",0,0.1
06/11/2014,6,"92,200",6,6.10,6,0,0,0
05/11/2014,6,"247,700",6,6,5.90,0,0,0
04/11/2014,6,"149,700",6.10,6.10,5.90,0,0,0
03/11/2014,6.10,"119,500",6,6.20,6,0,0,0
31/10/2014,6,"214,400",5.90,6.20,5.90,0,0,0
30/10/2014,5.90,"191,800",6.10,6.10,5.90,0,0,0
29/10/2014,6.10,"150,300",6,6.20,5.80,0,0,0
28/10/2014,6,"132,500",6,6.10,5.90,0,0,0
27/10/2014,6,"168,900",6.30,6.30,5.90,0,0,0
24/10/2014,6.30,"240,900",5.90,6.30,5.90,"20,000",0,0.1
23/10/2014,5.90,"313,800",6.40,6.40,5.90,0,0,0
22/10/2014,6.40,"272,700",6.20,6.50,6.30,0,0,0
21/10/2014,6.20,"177,530",6.50,6.50,6.10,0,0,0
20/10/2014,6.50,"150,500",6.90,7,6.50,0,0,0
17/10/2014,6.90,"160,800",6.80,6.90,6.60,0,0,0
16/10/2014,6.80,"665,900",6.50,7.10,6.60,0,0,0
15/10/2014,6.50,"653,010",7,7.30,6.30,"20,000",0,0.1
14/10/2014,7,"312,330",7.30,7.60,7,"20,000",0,0.1
13/10/2014,7.30,"208,100",7.20,7.60,7.20,0,0,0
10/10/2014,7.20,"457,640",7.20,7.80,7,0,0,0
09/10/2014,7.20,"746,200",7.80,8,7.10,0,0,0
08/10/2014,7.80,"449,030",7.70,7.90,7.60,0,0,0
07/10/2014,7.70,"707,900",7.70,7.80,7.40,0,0,0
06/10/2014,7.70,"747,900",8.20,8.50,7.60,0,0,0
03/10/2014,8.20,"1,452,700",7.50,8.20,7.60,0,0,0
02/10/2014,7.50,"1,218,300",6.90,7.50,6.90,0,0,0
01/10/2014,6.90,"455,600",6.90,7.10,6.80,0,0,0
30/09/2014,6.90,"1,492,800",6.70,7.30,6.80,0,0,0
29/09/2014,6.70,"691,310",6.10,6.70,6.10,0,0,0
26/09/2014,6.10,"258,300",6.10,6.30,6.10,0,0,0
25/09/2014,6.10,"270,400",5.90,6.10,5.90,0,0,0
24/09/2014,5.90,"257,600",6.10,6.30,5.90,0,0,0
23/09/2014,6.10,"455,000",5.80,6.30,5.80,0,0,0
22/09/2014,5.80,"195,000",5.80,6.20,5.80,0,0,0
19/09/2014,5.80,"165,500",5.90,6,5.60,0,0,0
18/09/2014,5.90,"306,700",6.50,6.50,5.90,0,0,0
17/09/2014,6.50,"973,840",6.70,6.80,6.10,0,0,0
16/09/2014,6.70,"761,600",7.10,7.10,6.50,0,"2,000",-0.0
15/09/2014,7.10,"827,100",7.10,7.20,6.60,"1,000",0,0.0
12/09/2014,7.10,"1,416,020",6.50,7.10,6.50,0,0,0
11/09/2014,6.50,"318,500",6.30,6.80,6.10,"2,000",0,0.0
10/09/2014,6.30,"944,030",5.80,6.30,5.40,0,0,0
09/09/2014,5.80,"1,563,840",5.50,6,5.70,0,0,0
08/09/2014,5.50,"1,044,400",5,5.50,5,0,0,0
05/09/2014,5,"266,900",5.20,5.20,5,0,0,0
04/09/2014,5.20,"256,600",5.30,5.40,5.10,0,0,0
03/09/2014,5.30,"717,940",4.90,5.30,4.90,0,0,0
29/08/2014,4.90,"361,700",4.80,5,4.70,0,0,0
28/08/2014,4.80,"244,430",4.80,4.80,4.60,0,0,0
27/08/2014,4.80,"192,200",4.70,4.80,4.60,0,0,0
26/08/2014,4.70,"270,700",4.70,4.90,4.70,0,0,0
25/08/2014,4.70,"502,310",4.60,4.80,4.60,0,0,0
22/08/2014,4.60,"412,010",4.30,4.70,4.30,0,0,0
21/08/2014,4.30,"170,600",4.30,4.40,4.30,0,0,0
20/08/2014,4.30,"127,200",4.40,4.40,4.30,0,0,0
19/08/2014,4.40,"114,500",4.50,4.50,4.40,0,0,0
18/08/2014,4.50,"150,300",4.40,4.50,4.30,0,0,0
15/08/2014,4.40,"71,500",4.40,4.40,4.30,0,0,0
14/08/2014,4.40,"121,400",4.40,4.40,4.30,0,0,0
13/08/2014,4.40,"63,700",4.40,4.40,4.30,0,0,0
12/08/2014,4.40,"78,600",4.30,4.40,4.30,0,0,0
11/08/2014,4.30,"7,600",4.30,4.40,4.30,0,0,0
08/08/2014,4.30,"104,600",4.40,4.40,4.30,0,0,0
07/08/2014,4.40,"23,200",4.30,4.40,4.30,0,0,0
06/08/2014,4.30,"46,900",4.50,4.50,4.30,0,0,0
05/08/2014,4.50,"98,400",4.40,4.50,4.30,0,0,0
04/08/2014,4.40,"50,100",4.40,4.40,4.30,0,0,0
01/08/2014,4.40,"103,900",4.30,4.40,4.30,0,0,0
31/07/2014,4.30,"101,000",4.30,4.40,4.20,0,0,0
30/07/2014,4.30,"34,800",4.20,4.30,4.20,0,0,0
29/07/2014,4.20,"84,500",4.20,4.30,4.20,0,0,0
28/07/2014,4.20,"167,800",4.20,4.30,4.10,0,0,0
25/07/2014,4.20,"105,510",4.50,4.50,4.20,0,0,0
24/07/2014,4.50,"141,000",4.40,4.50,4.20,0,0,0
23/07/2014,4.40,"1,600",4.40,4.40,4.30,0,0,0
22/07/2014,4.40,"69,900",4.50,4.50,4.30,0,0,0
21/07/2014,4.50,"253,300",4.50,4.90,4.40,0,0,0
18/07/2014,4.50,"49,000",4.50,4.50,4.30,0,0,0
17/07/2014,4.50,"180,800",4.40,4.50,4.40,0,0,0
16/07/2014,4.40,"67,300",4.40,4.50,4.40,0,0,0
15/07/2014,4.40,"22,300",4.40,4.40,4.40,0,0,0
14/07/2014,4.40,"13,500",4.40,4.50,4.30,0,0,0
11/07/2014,4.40,"121,600",4.30,4.40,4.30,0,0,0
10/07/2014,4.30,"185,220",4.40,4.50,4.30,0,0,0
09/07/2014,4.40,"101,200",4.30,4.50,4.30,0,0,0
08/07/2014,4.30,"134,700",4.40,4.40,4.30,0,0,0
07/07/2014,4.40,"149,750",4.30,4.50,4.30,0,0,0
04/07/2014,4.30,"232,900",4.50,4.50,4.30,0,0,0
03/07/2014,4.50,"202,700",4.40,4.50,4.30,0,0,0
02/07/2014,4.40,"169,910",4.30,4.40,4.20,0,0,0
01/07/2014,4.30,"88,900",4.30,4.30,4.20,0,0,0
30/06/2014,4.30,"71,820",4.30,4.30,4.20,0,0,0
27/06/2014,4.30,"201,000",4.20,4.50,4.10,0,0,0
26/06/2014,4.20,"44,500",4.20,4.20,4.10,0,0,0
25/06/2014,4.20,"114,650",4.20,4.20,4.20,0,0,0
24/06/2014,4.20,"133,600",4.10,4.20,4,0,0,0
23/06/2014,4.10,"122,200",4,4.10,4,0,0,0
20/06/2014,4,"97,000",4.20,4.30,4,0,0,0
19/06/2014,4.20,"239,600",4.30,4.30,4,0,0,0
18/06/2014,4.30,"248,400",4.20,4.30,4.20,0,0,0
17/06/2014,4.20,"191,800",4.10,4.30,4,0,0,0
16/06/2014,4.10,"73,900",4.10,4.10,4,0,0,0
13/06/2014,4.10,"61,100",3.90,4.10,4,0,0,0
12/06/2014,3.90,"83,800",4.10,4.10,3.90,0,0,0
11/06/2014,4.10,"57,200",4,4.10,3.90,0,0,0
10/06/2014,4,"83,700",4.10,4.10,3.90,0,0,0
09/06/2014,4.10,"120,500",4,4.10,3.90,0,0,0
06/06/2014,4,"38,200",3.80,4,3.90,0,0,0
05/06/2014,3.80,"57,400",3.90,3.90,3.80,0,0,0
04/06/2014,3.90,"79,200",3.90,3.90,3.70,0,0,0
03/06/2014,3.90,"143,300",3.80,3.90,3.80,0,0,0
02/06/2014,3.80,"169,400",4,4,3.70,0,0,0
30/05/2014,4,"109,800",3.90,4,3.90,0,0,0
29/05/2014,3.90,"148,100",4.10,4.10,3.90,0,0,0
28/05/2014,4.10,"169,400",4.30,4.40,4.10,0,0,0
27/05/2014,4.30,"278,400",4.10,4.30,4,0,0,0
26/05/2014,4.10,"193,100",3.90,4.10,3.80,0,0,0
23/05/2014,3.90,"346,600",4,4.20,3.60,0,0,0
22/05/2014,4,"301,100",4.40,4.50,4,0,0,0
21/05/2014,4.40,"285,920",4,4.40,4.20,0,0,0
20/05/2014,4,"478,100",3.70,4,3.70,0,0,0
19/05/2014,3.70,"292,900",3.40,3.70,3.30,0,0,0
16/05/2014,3.40,"127,800",3.20,3.40,3.20,0,0,0
15/05/2014,3.20,"321,100",3.30,3.50,3.10,0,0,0
14/05/2014,3.30,"180,600",3,3.30,3,0,0,0
13/05/2014,3,"238,000",3.30,3.40,3,0,0,0
12/05/2014,3.30,"152,900",3.60,3.60,3.30,0,0,0
09/05/2014,3.60,"173,500",3.40,3.60,3.30,0,0,0
08/05/2014,3.40,"322,450",3.70,3.70,3.40,0,0,0
07/05/2014,3.70,"36,700",3.60,3.80,3.60,0,0,0
06/05/2014,3.60,"274,300",3.80,3.80,3.50,0,0,0
05/05/2014,3.80,"223,900",4.20,4.20,3.80,0,0,0
29/04/2014,4.20,"82,200",4.20,4.20,4.10,0,0,0
28/04/2014,4.20,"44,700",4.40,4.40,4.20,0,0,0
25/04/2014,4.40,"126,630",4.40,4.50,4.30,0,0,0
24/04/2014,4.40,"65,900",4.40,4.40,4.30,0,0,0
23/04/2014,4.40,"73,110",4.40,4.50,4.30,0,0,0
22/04/2014,4.40,"131,500",4,4.40,4,0,0,0
21/04/2014,4,"298,500",4.40,4.40,4,0,0,0
18/04/2014,4.40,"237,600",4.70,4.70,4.30,0,0,0
17/04/2014,4.70,"93,710",4.40,4.70,4.50,0,0,0
16/04/2014,4.40,"371,340",4.60,4.60,4.20,0,0,0
15/04/2014,4.60,"284,600",5.10,5.10,4.60,0,0,0
14/04/2014,5.10,"178,500",5,5.10,5,0,"40,000",-0.2
11/04/2014,5,"223,700",5.10,5.30,5,0,0,0
10/04/2014,5.10,"182,000",5.30,5.40,5.10,0,0,0
08/04/2014,5.30,"276,400",5.30,5.50,5.20,0,0,0
07/04/2014,5.30,"227,500",5.60,5.60,5.30,0,0,0
04/04/2014,5.60,"408,500",5.30,5.70,5.30,0,0,0
03/04/2014,5.30,"218,100",4.90,5.30,5,"20,000",0,0.1
02/04/2014,4.90,"795,000",5.10,5.30,4.60,0,0,0
01/04/2014,5.10,"1,067,240",5.60,5.60,5.10,0,0,0
31/03/2014,5.60,"528,100",6.20,6.20,5.60,0,0,0
28/03/2014,6.20,"535,600",6.20,6.50,5.90,0,0,0
27/03/2014,6.20,"382,200",6.50,7,6.10,0,0,0
26/03/2014,6.50,"1,479,800",6.40,7,6.40,0,0,0
25/03/2014,6.40,"1,587,200",6.20,6.80,6,0,0,0
24/03/2014,6.20,"599,400",5.80,6.30,5.90,0,0,0
21/03/2014,5.80,"427,100",5.80,5.90,5.70,0,0,0
20/03/2014,5.80,"572,800",5.50,5.90,5.50,0,0,0
19/03/2014,5.50,"352,800",5.40,5.60,5.20,0,0,0
18/03/2014,5.40,"597,300",5.30,5.50,5,0,0,0
17/03/2014,5.30,"983,920",4.90,5.30,4.90,0,0,0
14/03/2014,4.90,"319,000",4.90,4.90,4.80,0,0,0
13/03/2014,4.90,"419,600",4.70,4.90,4.60,0,0,0
12/03/2014,4.70,"489,500",4.80,4.80,4.60,0,"42,000",-0.2
11/03/2014,4.80,"408,200",5,5,4.80,0,"30,000",-0.1
10/03/2014,5,"578,800",4.80,5,4.80,0,0,0
07/03/2014,4.80,"1,037,300",4.50,4.90,4.50,0,0,0
06/03/2014,4.50,"438,100",4.60,4.80,4.30,0,0,0
05/03/2014,4.60,"334,400",4.50,4.70,4.50,0,0,0
04/03/2014,4.50,"832,130",4.90,4.90,4.50,"2,000",0,0.0
03/03/2014,4.90,"1,343,600",4.60,5,4.60,0,0,0
28/02/2014,4.60,"668,750",4.20,4.60,4.20,"40,000",0,0.2
27/02/2014,4.20,"1,777,000",3.90,4.20,3.90,"50,000",0,0.2
26/02/2014,3.90,"296,300",3.90,3.90,3.70,0,0,0
25/02/2014,3.90,"381,420",3.90,3.90,3.80,0,0,0
24/02/2014,3.90,"587,100",3.80,4,3.70,0,0,0
21/02/2014,3.80,"536,450",3.60,3.80,3.60,0,0,0
20/02/2014,3.60,"889,100",3.80,3.90,3.60,0,0,0
19/02/2014,3.80,"727,500",3.80,3.90,3.70,0,0,0
18/02/2014,3.80,"607,000",3.60,3.80,3.50,0,0,0
17/02/2014,3.60,"443,400",3.60,3.60,3.40,0,0,0
14/02/2014,3.60,"198,300",3.60,3.60,3.50,0,0,0
13/02/2014,3.60,"409,900",3.60,3.80,3.50,0,0,0
12/02/2014,3.60,"1,046,900",3.30,3.60,3.30,0,0,0
11/02/2014,3.30,"312,100",3.40,3.50,3.30,0,0,0
10/02/2014,3.40,"230,700",3.50,3.50,3.40,0,0,0
07/02/2014,3.50,"200,800",3.50,3.60,3.50,0,0,0
06/02/2014,3.50,"193,400",3.40,3.50,3.40,0,0,0
27/01/2014,3.40,"205,000",3.20,3.50,3.20,0,0,0
24/01/2014,3.20,"63,300",3.10,3.20,3.10,0,0,0
23/01/2014,3.10,"48,200",3.30,3.30,3.10,0,0,0
22/01/2014,3.30,"224,500",3.10,3.40,3.10,0,0,0
21/01/2014,3.10,"43,800",2.90,3.10,3,0,0,0
20/01/2014,2.90,"157,700",3,3.20,2.80,0,0,0
17/01/2014,3,"163,700",3.10,3.20,3,0,"50,000",-0.2
16/01/2014,3.10,"581,100",3.40,3.40,3.10,0,0,0
15/01/2014,3.40,"62,400",3.20,3.40,3.30,0,0,0
14/01/2014,3.20,"100,600",3.30,3.30,3.20,0,0,0
13/01/2014,3.30,"63,100",3.30,3.40,3.30,0,0,0
10/01/2014,3.30,"334,800",3.60,3.60,3.30,0,0,0
09/01/2014,3.60,"200,100",3.50,3.60,3.40,0,0,0
08/01/2014,3.50,"326,500",3.50,3.60,3.40,0,0,0
07/01/2014,3.50,"96,600",3.40,3.50,3.40,0,0,0
06/01/2014,3.40,"108,700",3.60,3.60,3.40,0,0,0
03/01/2014,3.60,"72,300",3.60,3.60,3.40,0,0,0
02/01/2014,3.60,"583,000",3.40,3.70,3.30,0,0,0
31/12/2013,3.40,"213,000",3.40,3.40,3.20,0,0,0
30/12/2013,3.40,"179,300",3.20,3.40,3.20,0,0,0
27/12/2013,3.20,"168,600",3.50,3.50,3.20,0,0,0
26/12/2013,3.50,"793,600",3.40,3.70,3.40,0,"5,000",-0.0
25/12/2013,3.40,"254,100",3.10,3.40,3.30,0,0,0
24/12/2013,3.10,"175,500",2.90,3.10,3,0,0,0
23/12/2013,2.90,"110,600",3,3.10,2.90,0,0,0
20/12/2013,3,"188,000",3.10,3.10,3,0,0,0
19/12/2013,3.10,"186,400",3.10,3.20,3,0,0,0
18/12/2013,3.10,"50,600",3.20,3.20,3,0,0,0
17/12/2013,3.20,"258,800",3.10,3.20,3.10,0,0,0
16/12/2013,3.10,"132,500",3,3.10,2.90,0,0,0
13/12/2013,3,"37,200",3,3,2.90,0,0,0
12/12/2013,3,"292,200",2.90,3,2.80,0,0,0
11/12/2013,2.90,"383,400",3,3.10,2.90,0,0,0
10/12/2013,3,"240,400",3.10,3.10,3,0,0,0
09/12/2013,3.10,"454,500",3.30,3.40,3.10,0,0,0
06/12/2013,3.30,"251,200",3.30,3.40,3.20,0,0,0
05/12/2013,3.30,"299,300",3.30,3.30,3.20,0,0,0
04/12/2013,3.30,"365,200",3.30,3.40,3.20,0,0,0
03/12/2013,3.30,"539,100",3.30,3.50,3,0,0,0
02/12/2013,3.30,"308,200",3.20,3.30,3,0,0,0
29/11/2013,3.20,"609,400",3.50,3.50,3.20,0,0,0
28/11/2013,3.50,"609,400",3.40,3.70,3.50,0,0,0
27/11/2013,3.40,"1,260,200",3.10,3.40,3.30,"1,700",0,0.0
26/11/2013,3.10,"416,300",2.90,3.10,2.80,0,0,0
25/11/2013,2.90,"552,000",3.10,3.10,2.90,"11,300",0,0.0
22/11/2013,3.10,"675,100",3,3.20,2.80,"25,000",0,0.1
21/11/2013,3,"1,051,000",2.80,3,3,0,0,0
20/11/2013,2.80,"563,300",2.60,2.80,2.70,0,0,0
19/11/2013,2.60,"955,800",2.50,2.70,2.50,0,0,0
18/11/2013,2.50,"243,900",2.60,2.60,2.50,0,0,0
15/11/2013,2.60,"150,000",2.50,2.60,2.40,0,0,0
14/11/2013,2.50,"352,300",2.30,2.50,2.30,0,0,0
13/11/2013,2.30,"320,300",2.50,2.50,2.30,0,0,0
12/11/2013,2.50,"357,400",2.60,2.60,2.40,"12,000",0,0.0
11/11/2013,2.60,"526,300",2.60,2.60,2.40,0,0,0
08/11/2013,2.60,"526,700",2.60,2.60,2.40,0,0,0
07/11/2013,2.60,"463,000",2.50,2.70,2.50,0,0,0
06/11/2013,2.50,"580,900",2.40,2.60,2.40,0,0,0
05/11/2013,2.40,"446,900",2.30,2.50,2.30,0,0,0
04/11/2013,2.30,"399,600",2.30,2.30,2.20,0,0,0
01/11/2013,2.30,"174,100",2.30,2.30,2.10,0,0,0
31/10/2013,2.30,"75,700",2.20,2.30,2.10,0,0,0
30/10/2013,2.20,"248,400",2.30,2.40,2.20,0,0,0
29/10/2013,2.30,"201,600",2.20,2.30,2.20,0,0,0
28/10/2013,2.20,"383,400",2.40,2.50,2.20,0,0,0
25/10/2013,2.40,"1,923,500",2.20,2.40,2.20,0,0,0
24/10/2013,2.20,"229,700",2,2.20,2.20,0,0,0
23/10/2013,2,"139,100",1.90,2,2,0,0,0
22/10/2013,1.90,"38,000",1.80,1.90,1.90,0,0,0
21/10/2013,1.80,"119,800",1.70,1.80,1.80,0,0,0
18/10/2013,1.70,"78,900",1.70,1.80,1.60,0,0,0
17/10/2013,1.70,"242,300",1.70,1.80,1.60,0,0,0
16/10/2013,1.70,"371,200",1.60,1.70,1.60,0,0,0
15/10/2013,1.60,"63,700",1.60,1.60,1.50,0,0,0
14/10/2013,1.60,"41,100",1.60,1.60,1.50,0,0,0
11/10/2013,1.60,"16,200",1.60,1.60,1.50,0,0,0
10/10/2013,1.60,"104,600",1.60,1.60,1.50,0,0,0
09/10/2013,1.60,"17,600",1.50,1.60,1.50,0,0,0
08/10/2013,1.50,"19,700",1.60,1.60,1.50,0,0,0
07/10/2013,1.60,"6,200",1.60,1.60,1.50,0,0,0
04/10/2013,1.60,700,1.60,1.60,1.50,0,0,0
03/10/2013,1.60,"56,300",1.60,1.60,1.50,0,0,0
02/10/2013,1.60,"28,200",1.60,1.60,1.50,0,0,0
01/10/2013,1.60,"33,500",1.60,1.60,1.50,0,0,0
30/09/2013,1.60,"86,400",1.50,1.60,1.40,0,0,0
27/09/2013,1.50,"28,000",1.50,1.50,1.50,0,0,0
26/09/2013,1.50,"41,600",1.60,1.60,1.50,0,0,0
25/09/2013,1.60,"106,100",1.50,1.60,1.50,0,0,0
24/09/2013,1.50,"35,400",1.50,1.50,1.40,0,0,0
23/09/2013,1.50,"92,000",1.40,1.50,1.40,0,0,0
20/09/2013,1.40,"9,600",1.40,1.50,1.40,0,0,0
19/09/2013,1.40,"65,300",1.40,1.40,1.40,0,0,0
18/09/2013,1.40,"16,700",1.40,1.40,1.40,0,0,0
17/09/2013,1.40,"19,200",1.40,1.40,1.40,0,0,0
16/09/2013,1.40,"124,400",1.40,1.40,1.30,0,0,0
13/09/2013,1.40,"3,000",1.40,1.40,1.40,0,0,0
12/09/2013,1.40,"65,300",1.40,1.50,1.40,0,0,0
11/09/2013,1.40,"27,100",1.50,1.50,1.40,0,0,0
10/09/2013,1.50,"45,900",1.40,1.50,1.40,0,0,0
09/09/2013,1.40,"121,900",1.50,1.50,1.40,0,0,0
06/09/2013,1.50,"3,100",1.40,1.50,1.40,0,0,0
05/09/2013,1.40,"33,900",1.30,1.40,1.40,0,0,0
04/09/2013,1.30,"20,300",1.40,1.40,1.30,0,0,0
03/09/2013,1.40,"9,600",1.40,1.50,1.30,0,0,0
30/08/2013,1.40,"8,500",1.40,1.40,1.40,0,0,0
29/08/2013,1.40,"62,100",1.40,1.40,1.40,0,0,0
28/08/2013,1.40,"74,500",1.40,1.40,1.40,0,0,0
27/08/2013,1.40,"30,100",1.50,1.50,1.40,0,0,0
26/08/2013,1.50,"24,400",1.50,1.50,1.40,0,0,0
23/08/2013,1.50,"14,400",1.40,1.50,1.40,0,0,0
22/08/2013,1.40,"57,100",1.40,1.40,1.30,0,0,0
21/08/2013,1.40,"47,500",1.50,1.50,1.40,0,0,0
20/08/2013,1.50,"123,900",1.40,1.50,1.40,0,0,0
19/08/2013,1.40,"158,100",1.30,1.40,1.30,0,0,0
16/08/2013,1.30,"160,800",1.30,1.30,1.30,0,0,0
15/08/2013,1.30,"15,500",1.30,1.40,1.30,0,0,0
14/08/2013,1.30,"2,400",1.40,1.50,1.30,0,0,0
13/08/2013,1.40,"33,200",1.40,1.40,1.30,0,0,0
12/08/2013,1.40,"45,600",1.50,1.50,1.40,0,0,0
09/08/2013,1.50,"53,700",1.40,1.50,1.50,0,0,0
08/08/2013,1.40,"28,100",1.50,1.50,1.40,0,0,0
07/08/2013,1.50,"3,900",1.60,1.60,1.50,0,0,0
06/08/2013,1.60,"2,500",1.50,1.60,1.40,0,0,0
05/08/2013,1.50,"6,800",1.50,1.60,1.40,0,0,0
02/08/2013,1.50,"112,700",1.40,1.50,1.40,0,0,0
01/08/2013,1.40,"24,100",1.50,1.50,1.40,0,0,0
31/07/2013,1.50,"18,600",1.40,1.50,1.40,0,0,0
30/07/2013,1.40,"22,700",1.40,1.50,1.30,0,0,0
29/07/2013,1.40,"55,700",1.40,1.40,1.30,0,0,0
26/07/2013,1.40,"3,300",1.40,1.40,1.30,0,0,0
25/07/2013,1.40,"17,200",1.40,1.40,1.40,0,0,0
24/07/2013,1.40,"8,600",1.50,1.50,1.40,0,0,0
23/07/2013,1.50,"3,300",1.50,1.50,1.40,0,0,0
22/07/2013,1.50,"8,500",1.50,1.50,1.40,0,0,0
19/07/2013,1.50,"46,500",1.60,1.60,1.40,0,0,0
18/07/2013,1.60,"58,400",1.60,1.60,1.50,0,0,0
17/07/2013,1.60,"7,800",1.60,1.60,1.50,0,0,0
16/07/2013,1.60,"27,700",1.70,1.70,1.60,0,0,0
15/07/2013,1.70,"55,300",1.70,1.70,1.60,0,0,0
12/07/2013,1.70,"69,600",1.70,1.70,1.60,0,0,0
11/07/2013,1.70,"92,100",1.60,1.70,1.60,0,0,0
10/07/2013,1.60,"105,600",1.60,1.60,1.60,0,0,0
09/07/2013,1.60,"41,600",1.60,1.70,1.60,0,0,0
08/07/2013,1.60,"21,400",1.60,1.60,1.50,0,0,0
05/07/2013,1.60,"95,600",1.60,1.60,1.50,0,0,0
04/07/2013,1.60,"78,500",1.60,1.60,1.50,0,0,0
03/07/2013,1.60,"71,500",1.60,1.60,1.50,0,0,0
02/07/2013,1.60,600,1.50,1.60,1.60,0,0,0
01/07/2013,1.50,"63,200",1.60,1.60,1.50,0,0,0
28/06/2013,1.60,"45,500",1.60,1.60,1.50,0,0,0
27/06/2013,1.60,"16,500",1.50,1.60,1.50,0,0,0
26/06/2013,1.50,"15,400",1.60,1.60,1.50,0,0,0
25/06/2013,1.60,"103,500",1.60,1.60,1.50,0,0,0
24/06/2013,1.60,"161,100",1.60,1.70,1.60,0,0,0
21/06/2013,1.60,"104,600",1.60,1.60,1.50,0,0,0
20/06/2013,1.60,"12,100",1.60,1.60,1.50,0,0,0
19/06/2013,1.60,"20,700",1.70,1.70,1.60,0,0,0
18/06/2013,1.70,"67,700",1.70,1.70,1.60,0,0,0
17/06/2013,1.70,"22,900",1.70,1.70,1.60,0,0,0
14/06/2013,1.70,"50,900",1.80,1.80,1.60,0,0,0
13/06/2013,1.80,"189,900",1.80,1.80,1.70,0,0,0
12/06/2013,1.80,"32,500",1.80,1.80,1.70,0,0,0
11/06/2013,1.80,"56,900",1.80,1.90,1.70,0,0,0
10/06/2013,1.80,"561,900",1.70,1.80,1.70,0,0,0
07/06/2013,1.70,"292,000",1.60,1.70,1.60,0,0,0
06/06/2013,1.60,"36,900",1.60,1.70,1.60,0,0,0
05/06/2013,1.60,"73,000",1.70,1.70,1.60,0,0,0
04/06/2013,1.70,"63,000",1.70,1.70,1.60,0,0,0
03/06/2013,1.70,"33,700",1.80,1.80,1.70,0,0,0
31/05/2013,1.80,"26,800",1.80,1.80,1.70,0,0,0
30/05/2013,1.80,"54,100",1.70,1.80,1.60,0,0,0
29/05/2013,1.70,"71,700",1.70,1.80,1.70,0,0,0
28/05/2013,1.70,"147,200",1.60,1.70,1.60,0,0,0
27/05/2013,1.60,"68,000",1.50,1.70,1.60,0,0,0
24/05/2013,1.50,"154,000",1.50,1.70,1.50,0,0,0
23/05/2013,1.50,"74,500",1.60,1.60,1.50,0,0,0
22/05/2013,1.60,"190,600",1.60,1.70,1.60,0,0,0
21/05/2013,1.60,"333,400",1.50,1.60,1.60,0,0,0
20/05/2013,1.50,"154,100",1.40,1.50,1.40,0,0,0
17/05/2013,1.40,"209,500",1.40,1.50,1.40,0,0,0
16/05/2013,1.40,"69,500",1.40,1.50,1.40,0,0,0
15/05/2013,1.40,"133,100",1.40,1.50,1.40,0,0,0
14/05/2013,1.40,"356,500",1.50,1.50,1.40,0,0,0
13/05/2013,1.50,"9,900",1.40,1.50,1.40,0,0,0
10/05/2013,1.40,"89,100",1.40,1.50,1.40,0,0,0
09/05/2013,1.40,"97,700",1.40,1.50,1.30,0,0,0
08/05/2013,1.40,"237,900",1.50,1.50,1.40,0,0,0
07/05/2013,1.50,"191,300",1.40,1.50,1.40,0,"2,200",-0.0
06/05/2013,1.40,"339,000",1.30,1.40,1.30,0,0,0
03/05/2013,1.30,"167,100",1.30,1.40,1.30,0,0,0
02/05/2013,1.30,"21,700",1.30,1.30,1.20,0,0,0
26/04/2013,1.30,"108,400",1.20,1.30,1.20,0,0,0
25/04/2013,1.20,"17,400",1.30,1.30,1.20,0,0,0
24/04/2013,1.30,"53,200",1.30,1.30,1.20,0,0,0
23/04/2013,1.30,"27,300",1.20,1.30,1.20,0,0,0
22/04/2013,1.20,"307,800",1.20,1.30,1.20,0,0,0
18/04/2013,1.20,"60,000",1.30,1.30,1.20,0,0,0
17/04/2013,1.30,"147,800",1.30,1.30,1.20,0,0,0
16/04/2013,1.30,"163,300",1.30,1.30,1.20,0,0,0
15/04/2013,1.30,"168,600",1.40,1.40,1.30,0,0,0
12/04/2013,1.40,"176,300",1.40,1.40,1.30,0,0,0
11/04/2013,1.40,"198,300",1.40,1.50,1.30,0,0,0
10/04/2013,1.40,"228,500",1.30,1.40,1.30,0,0,0
09/04/2013,1.30,"238,200",1.40,1.40,1.30,0,0,0
08/04/2013,1.40,"328,700",1.50,1.50,1.40,0,0,0
05/04/2013,1.50,"123,800",1.40,1.50,1.30,0,0,0
04/04/2013,1.40,"254,800",1.50,1.50,1.40,0,0,0
03/04/2013,1.50,"100,800",1.50,1.60,1.40,0,0,0
02/04/2013,1.50,"157,700",1.60,1.60,1.50,0,0,0
01/04/2013,1.60,"146,100",1.60,1.60,1.50,0,0,0
29/03/2013,1.60,"326,100",1.60,1.60,1.40,0,0,0
28/03/2013,1.60,"151,400",1.60,1.60,1.50,0,0,0
27/03/2013,1.60,"39,900",1.60,1.60,1.50,0,0,0
26/03/2013,1.60,"84,500",1.60,1.60,1.50,0,0,0
25/03/2013,1.60,"161,700",1.70,1.70,1.60,0,0,0
22/03/2013,1.70,"233,400",1.70,1.70,1.60,0,0,0
21/03/2013,1.70,"81,400",1.80,1.80,1.70,0,0,0
20/03/2013,1.80,"157,200",1.70,1.80,1.70,0,0,0
19/03/2013,1.70,"70,800",1.80,1.80,1.60,0,0,0
18/03/2013,1.80,"79,500",1.80,1.90,1.70,0,0,0
15/03/2013,1.80,"52,800",1.80,1.80,1.80,0,0,0
14/03/2013,1.80,"151,400",1.80,1.90,1.80,0,0,0
13/03/2013,1.80,"304,600",1.80,1.90,1.80,0,0,0
12/03/2013,1.80,"60,700",1.80,1.80,1.70,0,0,0
11/03/2013,1.80,"110,300",1.80,1.90,1.80,0,0,0
08/03/2013,1.80,"90,300",1.80,1.90,1.70,0,0,0
07/03/2013,1.80,"34,800",1.90,1.90,1.80,0,0,0
06/03/2013,1.90,"90,700",1.80,1.90,1.70,0,0,0
05/03/2013,1.80,"176,800",1.80,1.80,1.70,0,0,0
04/03/2013,1.80,"307,300",2,2,1.80,0,0,0
01/03/2013,2,"251,100",2,2,1.90,0,0,0
28/02/2013,2,"108,800",2,2,1.90,0,0,0
27/02/2013,2,"138,300",2,2,1.90,0,0,0
26/02/2013,2,"456,200",2.10,2.10,1.90,0,0,0
25/02/2013,2.10,"267,900",2.10,2.20,2,0,0,0
22/02/2013,2.10,"512,800",2,2.10,1.90,0,0,0
21/02/2013,2,"922,100",2.20,2.30,2,0,0,0
20/02/2013,2.20,"217,600",2.20,2.30,2.20,0,0,0
19/02/2013,2.20,"515,300",2.20,2.30,2.10,0,0,0
18/02/2013,2.20,"355,800",2.10,2.30,2.10,0,0,0
08/02/2013,2.10,"403,600",2.20,2.30,2.10,0,0,0
07/02/2013,2.20,"355,200",2,2.20,2.10,0,0,0
06/02/2013,2,"133,400",2,2.10,2,0,0,0
05/02/2013,2,"323,100",2.10,2.10,2,0,0,0
04/02/2013,2.10,"137,500",2.10,2.10,2,0,0,0
01/02/2013,2.10,"265,000",2.20,2.20,2,0,0,0
31/01/2013,2.20,"535,500",2.10,2.30,2.10,0,0,0
30/01/2013,2.10,"271,800",2.20,2.30,2.10,0,0,0
29/01/2013,2.20,"295,500",2.10,2.20,2,0,0,0
28/01/2013,2.10,"793,900",2.30,2.30,2.10,0,0,0
25/01/2013,2.30,"577,900",2.30,2.40,2.20,0,0,0
24/01/2013,2.30,"375,200",2.20,2.30,2.20,0,0,0
23/01/2013,2.20,"373,200",2.20,2.20,2,0,0,0
22/01/2013,2.20,"817,200",2.30,2.30,2.10,0,0,0
21/01/2013,2.30,"563,600",2.40,2.50,2.20,0,0,0
18/01/2013,2.40,"1,188,200",2.60,2.60,2.40,0,0,0
17/01/2013,2.60,"2,673,600",2.40,2.60,2.20,0,0,0
16/01/2013,2.40,"362,600",2.20,2.40,2.30,0,0,0
15/01/2013,2.20,"591,100",2,2.20,2,0,0,0
14/01/2013,2,"380,300",2,2.10,1.90,0,0,0
11/01/2013,2,"360,000",2.10,2.20,2,0,0,0
10/01/2013,2.10,"527,400",2.10,2.10,2,0,0,0
09/01/2013,2.10,"896,200",2.20,2.30,2.10,0,0,0
08/01/2013,2.20,"859,500",2.30,2.30,2.20,0,0,0
07/01/2013,2.30,"538,000",2.20,2.30,2.20,0,0,0
04/01/2013,2.20,"1,036,300",2.10,2.20,2,0,0,0
03/01/2013,2.10,"1,341,100",2,2.10,1.90,0,0,0
02/01/2013,2,"332,700",2,2,1.90,0,0,0
28/12/2012,2,"693,800",1.90,2,1.80,0,0,0
27/12/2012,1.90,"211,800",1.90,1.90,1.80,0,0,0
26/12/2012,1.90,"400,400",1.80,1.90,1.70,0,0,0
25/12/2012,1.80,"299,700",1.90,1.90,1.80,0,0,0
24/12/2012,1.90,"345,400",1.80,1.90,1.80,0,0,0
21/12/2012,1.80,"370,400",1.90,1.90,1.80,0,0,0
20/12/2012,1.90,"491,600",1.90,2,1.90,0,0,0
19/12/2012,1.90,"1,551,400",1.90,2,1.80,0,0,0
18/12/2012,1.90,800,2,2,1.90,0,0,0
17/12/2012,2,"9,800",2.10,2.10,2,0,0,0
14/12/2012,2.10,"114,700",2.20,2.20,2.10,0,0,0
13/12/2012,2.20,"2,545,400",2.20,2.30,2.10,0,0,0
12/12/2012,2.20,"144,900",2.10,2.20,2.20,0,0,0
11/12/2012,2.10,"141,500",2,2.10,2.10,0,0,0
10/12/2012,2,"140,300",1.90,2,2,0,0,0
07/12/2012,1.90,"102,100",1.80,1.90,1.90,0,0,0
06/12/2012,1.80,"225,400",1.70,1.80,1.80,0,0,0
05/12/2012,1.70,"560,600",1.60,1.70,1.70,0,0,0
04/12/2012,1.60,"521,300",1.50,1.60,1.50,0,0,0
03/12/2012,1.50,"53,900",1.50,1.50,1.40,0,0,0
30/11/2012,1.50,"175,600",1.40,1.50,1.40,0,0,0
29/11/2012,1.40,"73,600",1.50,1.50,1.40,0,0,0
28/11/2012,1.50,"352,400",1.50,1.50,1.40,0,0,0
27/11/2012,1.50,"181,300",1.60,1.60,1.50,0,0,0
26/11/2012,1.60,"188,100",1.60,1.70,1.50,0,0,0
23/11/2012,1.60,"568,500",1.50,1.60,1.50,0,0,0
22/11/2012,1.50,"542,000",1.40,1.50,1.30,0,0,0
21/11/2012,1.40,"221,500",1.40,1.40,1.30,0,0,0
20/11/2012,1.40,"42,100",1.40,1.50,1.30,0,0,0
19/11/2012,1.40,"5,900",1.40,1.40,1.30,0,0,0
16/11/2012,1.40,"83,800",1.40,1.50,1.40,0,0,0
15/11/2012,1.40,"98,700",1.40,1.50,1.30,0,0,0
14/11/2012,1.40,"62,900",1.50,1.50,1.30,0,0,0
13/11/2012,1.50,"28,500",1.40,1.50,1.40,0,0,0
12/11/2012,1.40,"102,100",1.40,1.50,1.40,0,0,0
09/11/2012,1.40,"40,800",1.40,1.50,1.40,0,0,0
08/11/2012,1.40,"58,200",1.50,1.50,1.40,0,0,0
07/11/2012,1.50,"52,500",1.40,1.50,1.40,0,0,0
06/11/2012,1.40,"69,400",1.40,1.50,1.30,0,0,0
05/11/2012,1.40,"108,900",1.50,1.50,1.40,0,0,0
02/11/2012,1.50,"182,700",1.60,1.60,1.50,0,0,0
01/11/2012,1.60,"33,600",1.60,1.60,1.50,0,0,0
31/10/2012,1.60,"16,800",1.60,1.60,1.50,0,0,0
30/10/2012,1.60,"44,700",1.70,1.70,1.60,0,0,0
29/10/2012,1.70,"53,800",1.70,1.70,1.60,0,0,0
26/10/2012,1.70,"56,400",1.60,1.70,1.50,0,0,0
25/10/2012,1.60,"34,000",1.70,1.70,1.60,0,0,0
24/10/2012,1.70,"175,000",1.70,1.70,1.60,0,0,0
23/10/2012,1.70,"133,700",1.60,1.70,1.60,0,0,0
22/10/2012,1.60,"83,100",1.60,1.70,1.50,0,0,0
19/10/2012,1.60,"228,800",1.70,1.70,1.60,0,0,0
18/10/2012,1.70,"160,100",1.80,1.80,1.70,0,0,0
17/10/2012,1.80,"157,500",1.80,1.80,1.70,0,0,0
16/10/2012,1.80,"312,200",1.70,1.80,1.60,0,0,0
15/10/2012,1.70,"156,200",1.80,1.80,1.70,0,0,0
12/10/2012,1.80,"188,000",1.80,1.90,1.70,0,0,0
11/10/2012,1.80,"213,600",1.70,1.80,1.70,0,0,0
10/10/2012,1.70,"331,000",1.60,1.70,1.50,0,0,0
09/10/2012,1.60,"156,900",1.70,1.70,1.60,0,0,0
08/10/2012,1.70,"121,700",1.60,1.70,1.50,0,0,0
05/10/2012,1.60,"12,100",1.50,1.60,1.50,0,0,0
04/10/2012,1.50,"80,900",1.60,1.60,1.50,0,0,0
03/10/2012,1.60,"94,200",1.50,1.60,1.50,0,0,0
02/10/2012,1.50,"27,300",1.50,1.50,1.40,0,0,0
01/10/2012,1.50,"139,600",1.60,1.60,1.50,0,0,0
28/09/2012,1.60,"182,500",1.70,1.70,1.60,0,0,0
27/09/2012,1.70,"95,400",1.80,1.80,1.70,0,0,0
26/09/2012,1.80,"33,400",1.70,1.80,1.60,0,0,0
25/09/2012,1.70,"185,700",1.70,1.70,1.60,0,0,0
24/09/2012,1.70,"159,700",1.70,1.80,1.70,0,0,0
21/09/2012,1.70,"88,400",1.80,1.80,1.70,0,0,0
20/09/2012,1.80,"112,300",1.80,1.80,1.70,0,0,0
19/09/2012,1.80,"190,800",1.80,1.80,1.70,0,0,0
18/09/2012,1.80,"121,500",1.90,1.90,1.80,0,0,0
17/09/2012,1.90,"212,100",1.80,1.90,1.90,0,0,0
14/09/2012,1.80,"339,800",1.70,1.80,1.70,0,0,0
13/09/2012,1.70,"218,300",1.70,1.70,1.60,0,"50,000",-0.1
12/09/2012,1.70,"320,200",1.80,1.90,1.70,0,0,0
11/09/2012,1.80,"35,300",1.90,1.90,1.80,0,0,0
10/09/2012,1.90,"41,900",2,2,1.90,0,0,0
07/09/2012,2,"219,700",2.10,2.10,2,0,0,0
06/09/2012,2.10,"95,700",2.20,2.20,2.10,0,0,0
05/09/2012,2.20,"226,500",2.40,2.40,2.20,0,0,0
04/09/2012,2.40,"90,000",2.40,2.40,2.30,0,0,0
31/08/2012,2.40,"228,400",2.50,2.50,2.30,0,0,0
30/08/2012,2.50,"236,700",2.50,2.50,2.40,0,0,0
29/08/2012,2.50,"273,100",2.40,2.50,2.30,0,0,0
28/08/2012,2.40,"18,300",2.50,2.50,2.40,0,0,0
27/08/2012,2.50,"38,500",2.70,2.70,2.50,0,0,0
24/08/2012,2.70,"533,200",2.70,2.70,2.60,0,0,0
23/08/2012,2.70,"42,100",2.80,2.80,2.70,0,0,0
22/08/2012,2.80,"136,100",2.70,2.80,2.60,0,0,0
21/08/2012,2.70,"674,800",2.90,3.10,2.70,0,0,0
20/08/2012,2.90,"109,600",2.80,2.90,2.80,0,0,0
17/08/2012,2.80,"150,300",2.90,2.90,2.80,0,0,0
16/08/2012,2.90,"14,700",2.90,2.90,2.90,0,0,0
15/08/2012,2.90,"153,900",2.90,2.90,2.80,0,0,0
14/08/2012,2.90,"40,200",2.90,3,2.90,0,0,0
13/08/2012,2.90,"103,900",3,3,2.90,0,0,0
10/08/2012,3,"88,800",3.10,3.10,2.90,0,0,0
09/08/2012,3.10,"277,700",2.90,3.10,3,0,0,0
08/08/2012,2.90,"150,800",2.80,3,2.80,0,0,0
07/08/2012,2.80,"111,700",3,3,2.80,0,0,0
06/08/2012,3,"352,000",3,3.10,2.90,0,0,0
03/08/2012,3,"91,100",3,3,2.80,0,0,0
02/08/2012,3,"127,300",3,3,2.90,0,0,0
01/08/2012,3,"173,700",3,3,2.80,0,0,0
31/07/2012,3,"215,900",2.90,3,2.90,0,0,0
30/07/2012,2.90,"71,900",2.90,3,2.90,0,0,0
27/07/2012,2.90,"224,000",3.10,3.10,2.90,0,0,0
26/07/2012,3.10,"113,400",3,3.10,2.90,0,0,0
25/07/2012,3,"275,600",2.90,3.10,2.90,0,0,0
24/07/2012,2.90,"419,400",3.20,3.20,2.90,0,0,0
23/07/2012,3.20,"341,300",3.30,3.40,3.10,0,0,0
20/07/2012,3.30,"527,500",3.40,3.60,3.30,0,0,0
19/07/2012,3.40,"518,300",3.10,3.40,3.10,0,0,0
18/07/2012,3.10,"263,600",3.30,3.40,3.10,0,0,0
17/07/2012,3.30,"294,700",3.20,3.30,3,"50,000",0,0.2
16/07/2012,3.20,"434,500",3.30,3.40,3.10,"1,000",0,0.0
13/07/2012,3.30,"704,900",3.10,3.30,3.10,0,0,0
12/07/2012,3.10,"616,200",2.90,3.10,2.90,0,0,0
11/07/2012,2.90,"126,300",2.80,2.90,2.80,0,0,0
10/07/2012,2.80,"146,700",2.70,2.80,2.70,0,0,0
09/07/2012,2.70,"246,400",2.90,2.90,2.70,0,0,0
06/07/2012,2.90,"452,800",2.90,3.10,2.90,0,0,0
05/07/2012,2.90,"454,400",2.80,2.90,2.70,0,0,0
04/07/2012,2.80,"218,800",2.80,2.90,2.70,0,"10,000",-0.0
03/07/2012,2.80,"227,100",2.80,2.80,2.70,0,0,0
02/07/2012,2.80,"321,900",2.90,3,2.80,0,0,0
29/06/2012,2.90,"288,600",2.90,3,2.80,0,0,0
28/06/2012,2.90,"346,800",2.80,2.90,2.70,"10,000",0,0.0
27/06/2012,2.80,"266,900",3,3.10,2.80,0,"5,000",-0.0
26/06/2012,3,"273,700",3.20,3.20,3,0,0,0
25/06/2012,3.20,"188,100",3.40,3.40,3.20,0,0,0
22/06/2012,3.40,"221,800",3.60,3.60,3.30,0,0,0
21/06/2012,3.60,"201,600",3.50,3.60,3.40,0,0,0
20/06/2012,3.50,"84,600",3.50,3.50,3.40,0,0,0
19/06/2012,3.50,"279,600",3.50,3.50,3.40,0,0,0
18/06/2012,3.50,"472,100",3.60,3.80,3.50,0,0,0
15/06/2012,3.60,"182,100",3.60,3.60,3.40,0,0,0
14/06/2012,3.60,"188,000",3.70,3.70,3.40,0,0,0
13/06/2012,3.70,"320,600",3.60,3.70,3.40,0,0,0
12/06/2012,3.60,"1,009,100",3.80,3.80,3.60,0,0,0
11/06/2012,3.80,"855,700",3.80,4,3.70,0,0,0
08/06/2012,3.80,"198,800",3.60,3.80,3.80,"5,000",0,0.0
07/06/2012,3.60,"28,600",3.40,3.60,3.60,0,0,0
06/06/2012,3.40,"1,514,400",3.20,3.40,3,0,0,0
05/06/2012,3.20,"34,000",3.40,3.40,3.20,0,0,0
04/06/2012,3.40,"2,600",3.60,3.60,3.40,0,0,0
01/06/2012,3.60,"27,100",3.80,3.80,3.60,0,0,0
31/05/2012,3.80,"29,600",4,4,3.80,0,0,0
30/05/2012,4,"80,200",4.20,4.20,4,0,0,0
29/05/2012,4.20,"574,700",4.50,4.50,4.20,0,0,0
28/05/2012,4.50,"563,000",4.70,4.90,4.40,0,0,0
25/05/2012,4.70,"594,900",4.50,4.70,4.10,0,0,0
24/05/2012,4.50,"527,700",4.60,4.70,4.30,0,0,0
23/05/2012,4.60,"442,900",4.90,4.90,4.60,0,0,0
22/05/2012,4.90,"493,300",4.90,5.20,4.90,0,0,0
21/05/2012,4.90,"318,700",4.70,4.90,4.70,0,0,0
18/05/2012,4.70,"773,800",4.90,4.90,4.60,0,0,0
17/05/2012,4.90,"677,000",5.20,5.30,4.90,0,0,0
16/05/2012,5.20,"887,900",5.20,5.30,4.90,0,0,0
15/05/2012,5.20,"679,900",5.50,5.50,5.20,"5,000","30,000",-0.1
14/05/2012,5.50,"771,900",5.90,6,5.50,0,0,0
11/05/2012,5.90,"987,500",6.20,6.40,5.90,0,0,0
10/05/2012,6.20,"707,400",6.30,6.60,6.20,0,0,0
09/05/2012,6.30,"961,800",6.60,6.60,6.30,0,0,0
08/05/2012,6.60,"1,723,200",6.20,6.60,6.40,"30,000",0,0.2
07/05/2012,6.20,"412,800",5.80,6.20,6,0,0,0
04/05/2012,5.80,"1,340,900",5.60,5.90,5.50,0,"50,000",-0.3
03/05/2012,5.60,"834,500",5.60,5.80,5.40,0,0,0
02/05/2012,5.60,"1,267,300",5.40,5.70,5.50,0,0,0
27/04/2012,5.40,"576,400",5.10,5.40,5.10,0,0,0
26/04/2012,5.10,"749,600",5.30,5.40,5.10,0,0,0
25/04/2012,5.30,"841,100",5.50,5.70,5.30,200,0,0.0
24/04/2012,5.50,"1,806,600",5.30,5.50,4.90,0,0,0
23/04/2012,5.30,"645,100",5.40,5.60,5.10,"2,000",0,0.0
20/04/2012,5.40,"1,087,700",5.80,5.80,5.40,"50,000",0,0.3
19/04/2012,5.80,"1,813,000",5.50,5.80,5.60,0,0,0
18/04/2012,5.50,"1,480,300",5.20,5.50,5.30,0,0,0
17/04/2012,5.20,"500,200",4.90,5.20,5,0,0,0
16/04/2012,4.90,"682,100",4.60,4.90,4.60,0,0,0
13/04/2012,4.60,"442,900",4.90,4.90,4.60,0,0,0
12/04/2012,4.90,"917,700",4.90,5.10,4.90,0,0,0
11/04/2012,4.90,"791,300",4.70,5,4.70,0,0,0
10/04/2012,4.70,"653,600",4.70,4.90,4.60,0,0,0
09/04/2012,4.70,"549,600",4.50,4.70,4.40,0,0,0
06/04/2012,4.50,"379,500",4.60,4.80,4.40,0,0,0
05/04/2012,4.60,"297,700",4.40,4.70,4.30,0,0,0
04/04/2012,4.40,"605,100",4.70,4.80,4.40,0,0,0
03/04/2012,4.70,"719,200",4.40,4.70,4.10,0,0,0
30/03/2012,4.40,"675,500",4.70,4.70,4.40,0,0,0
29/03/2012,4.70,"731,000",5,5,4.70,0,0,0
28/03/2012,5,"754,200",5,5.10,4.70,0,0,0
27/03/2012,5,"1,125,100",5.20,5.50,5,0,0,0
26/03/2012,5.20,"1,200,600",4.90,5.20,4.90,0,0,0
23/03/2012,4.90,"1,427,800",4.60,4.90,4.60,0,0,0
22/03/2012,4.60,"858,900",4.60,4.80,4.30,0,0,0
21/03/2012,4.60,"995,900",4.70,4.80,4.40,0,0,0
20/03/2012,4.70,"393,500",4.50,4.80,4.50,0,0,0
19/03/2012,4.50,"643,100",4.80,5.10,4.50,0,0,0
16/03/2012,4.80,"554,000",4.60,4.80,4.70,0,0,0
15/03/2012,4.60,"1,045,700",4.30,4.60,4.20,0,0,0
14/03/2012,4.30,"264,200",4.20,4.30,4.20,0,0,0
13/03/2012,4.20,"1,021,300",4.30,4.30,4,0,0,0
12/03/2012,4.30,"401,800",4.60,4.60,4.30,0,0,0
09/03/2012,4.60,"647,800",4.80,4.80,4.60,0,0,0
08/03/2012,4.80,"554,900",5.30,5.30,4.80,0,"5,000",-0.0
07/03/2012,5.30,"1,283,100",5,5.40,4.80,0,200,-0.0
06/03/2012,5,"2,177,400",4.90,5.20,4.60,0,0,0
05/03/2012,4.90,"105,900",4.60,4.90,4.90,0,0,0
02/03/2012,4.60,"159,400",4.30,4.60,4.60,0,0,0
01/03/2012,4.30,"82,800",4.10,4.30,4.30,0,0,0
29/02/2012,4.10,"792,700",3.90,4.10,3.90,"5,000",0,0.0
28/02/2012,3.90,"2,732,900",3.70,3.90,3.70,"1,200",0,0.0
27/02/2012,3.70,"99,700",3.50,3.70,3.70,0,0,0
24/02/2012,3.50,"83,100",3.30,3.50,3.50,0,0,0
23/02/2012,3.30,"130,600",3.10,3.30,3.30,0,0,0
22/02/2012,3.10,"105,700",2.90,3.10,3.10,0,0,0
21/02/2012,2.90,"70,600",2.80,2.90,2.90,0,0,0
20/02/2012,2.80,"125,000",2.70,2.80,2.80,0,0,0
17/02/2012,2.70,"135,200",2.70,2.70,2.70,0,0,0
16/02/2012,2.70,"557,500",2.70,2.80,2.60,0,0,0
15/02/2012,2.70,"639,800",3,3,2.70,0,0,0
14/02/2012,3,"491,700",2.90,3,2.70,0,0,0
13/02/2012,2.90,"242,000",3.10,3.10,2.90,0,0,0
10/02/2012,3.10,"976,400",2.90,3.10,3,0,0,0
09/02/2012,2.90,"922,700",2.80,2.90,2.80,0,0,0
08/02/2012,2.80,"452,600",2.80,2.80,2.80,0,0,0
07/02/2012,2.80,"442,400",2.80,2.80,2.60,0,0,0
06/02/2012,2.80,"418,700",2.90,2.90,2.70,0,0,0
03/02/2012,2.90,"334,000",2.80,2.90,2.80,0,0,0
02/02/2012,2.80,"269,500",2.80,2.80,2.70,0,0,0
01/02/2012,2.80,"329,500",2.70,2.80,2.60,0,0,0
31/01/2012,2.70,"342,200",2.60,2.70,2.70,0,0,0
30/01/2012,2.60,"261,800",2.50,2.60,2.50,0,0,0
20/01/2012,2.50,"79,800",2.40,2.50,2.40,0,0,0
19/01/2012,2.40,"43,300",2.40,2.40,2.40,0,0,0
18/01/2012,2.40,"77,400",2.30,2.40,2.20,0,0,0
17/01/2012,2.30,"20,600",2.40,2.40,2.30,0,0,0
16/01/2012,2.40,"49,400",2.50,2.50,2.30,0,0,0
13/01/2012,2.50,"15,200",2.40,2.50,2.40,0,0,0
12/01/2012,2.40,"59,000",2.50,2.50,2.40,0,0,0
11/01/2012,2.50,"33,600",2.60,2.60,2.50,0,0,0
10/01/2012,2.60,"84,400",2.40,2.60,2.50,0,0,0
09/01/2012,2.40,"14,000",2.40,2.50,2.40,0,0,0
06/01/2012,2.40,"39,800",2.50,2.50,2.40,0,0,0
05/01/2012,2.50,"18,600",2.60,2.60,2.50,0,0,0
04/01/2012,2.60,"8,900",2.60,2.60,2.60,0,0,0
03/01/2012,2.60,"54,400",2.60,2.70,2.60,0,0,0
30/12/2011,2.60,"34,200",2.50,2.60,2.50,0,0,0
29/12/2011,2.50,"41,200",2.60,2.60,2.50,0,0,0
28/12/2011,2.60,"42,400",2.50,2.60,2.60,0,0,0
27/12/2011,2.50,"45,900",2.60,2.60,2.50,0,0,0
26/12/2011,2.60,"49,200",2.70,2.70,2.60,0,0,0
23/12/2011,2.70,"79,700",2.80,2.90,2.70,0,0,0
22/12/2011,2.80,"43,100",2.80,2.90,2.70,0,0,0
21/12/2011,2.80,"15,300",2.90,3,2.80,0,0,0
20/12/2011,2.90,"59,000",3.10,3.10,2.90,0,0,0
19/12/2011,3.10,"95,900",2.90,3.10,3,0,0,0
16/12/2011,2.90,"21,500",2.80,2.90,2.90,0,0,0
15/12/2011,2.80,"69,100",3,3,2.70,0,0,0
14/12/2011,3,"149,100",3.10,3.10,2.90,0,0,0
13/12/2011,3.10,"106,900",3.30,3.30,3.10,0,0,0
12/12/2011,3.30,"21,800",3.40,3.50,3.20,0,0,0
09/12/2011,3.40,"28,300",3.40,3.50,3.30,0,0,0
08/12/2011,3.40,"102,800",3.60,3.60,3.40,0,0,0
07/12/2011,3.60,"62,900",3.70,3.70,3.60,0,0,0
06/12/2011,3.70,"89,800",3.80,4,3.60,0,0,0
05/12/2011,3.80,"94,700",3.60,3.80,3.60,0,0,0
02/12/2011,3.60,"81,500",3.40,3.60,3.40,0,0,0
01/12/2011,3.40,"22,300",3.30,3.40,3.40,0,0,0
30/11/2011,3.30,"22,900",3.30,3.40,3,0,0,0
29/11/2011,3.30,"393,500",3.40,3.40,3.20,0,0,0
28/11/2011,3.40,"332,500",3.80,3.80,3.40,0,0,0
25/11/2011,3.80,"36,600",3.80,3.90,3.60,0,0,0
24/11/2011,3.80,"24,200",3.90,3.90,3.70,0,0,0
23/11/2011,3.90,"22,700",3.70,3.90,3.80,0,0,0
22/11/2011,3.70,"39,500",3.90,4,3.60,0,0,0
21/11/2011,3.90,"20,400",4,4.10,3.80,0,0,0
18/11/2011,4,"10,500",3.90,4,4,0,0,0
17/11/2011,3.90,"15,500",4,4,3.90,0,0,0
16/11/2011,4,"48,500",3.90,4,3.90,0,0,0
15/11/2011,3.90,"40,800",3.90,4.10,3.80,0,0,0
14/11/2011,3.90,"45,700",4.10,4.20,3.90,0,0,0
11/11/2011,4.10,"4,500",4.40,4.60,4,0,0,0
10/11/2011,4.40,"38,200",4.50,4.50,4.30,0,0,0
09/11/2011,4.50,"23,000",4.70,4.70,4.50,0,0,0
08/11/2011,4.70,"2,800",4.40,4.70,4.70,0,0,0
07/11/2011,4.40,"1,000",4.70,4.70,4.40,0,0,0
04/11/2011,4.70,"10,400",4.70,4.70,4.60,0,0,0
03/11/2011,4.70,"4,300",4.70,4.70,4.60,0,0,0
02/11/2011,4.70,"50,100",4.80,4.80,4.50,0,0,0
01/11/2011,4.80,"16,600",5,5,4.80,0,0,0
31/10/2011,5,"31,500",5,5.30,5,0,0,0
28/10/2011,5,"43,200",4.60,5,4.50,0,0,0
27/10/2011,4.60,"15,900",4.90,4.90,4.60,0,0,0
26/10/2011,4.90,"5,500",4.90,4.90,4.80,0,0,0
25/10/2011,4.90,"9,100",4.90,4.90,4.70,0,0,0
24/10/2011,4.90,"10,700",4.90,5,4.70,0,0,0
21/10/2011,4.90,"43,800",4.70,4.90,4.70,0,0,0
20/10/2011,4.70,"20,300",4.90,4.90,4.60,0,0,0
19/10/2011,4.90,"14,800",4.90,5,4.70,0,0,0
18/10/2011,4.90,"31,800",5,5,4.80,0,0,0
17/10/2011,5,"3,200",4.90,5.20,4.90,0,0,0
14/10/2011,4.90,"19,800",5,5.10,4.90,0,0,0
13/10/2011,5,"48,700",4.90,5,4.80,0,0,0
12/10/2011,4.90,"50,900",5.20,5.20,4.90,0,0,0
11/10/2011,5.20,"17,400",5.20,5.50,5.20,0,0,0
10/10/2011,5.20,"38,700",5.40,5.40,5.10,0,0,0
07/10/2011,5.40,"18,000",5.50,5.50,5.30,0,0,0
06/10/2011,5.50,"62,300",5.10,5.50,5.30,0,0,0
05/10/2011,5.10,"18,900",5.30,5.50,5.10,0,0,0
04/10/2011,5.30,"52,500",5.20,5.40,5.10,0,0,0
03/10/2011,5.20,"58,400",5.50,5.70,5.20,0,0,0
30/09/2011,5.50,"46,400",5.60,5.70,5.40,0,0,0
29/09/2011,5.60,"51,400",5.90,6.20,5.50,0,0,0
28/09/2011,5.90,"113,900",5.60,5.90,5.60,0,0,0
27/09/2011,5.60,"66,100",5.70,5.90,5.50,0,0,0
26/09/2011,5.70,"73,000",6.10,6.10,5.70,0,0,0
23/09/2011,6.10,"36,000",6.30,6.30,5.90,0,0,0
22/09/2011,6.30,"43,600",6.30,6.40,6.10,0,"5,000",-0.0
21/09/2011,6.30,"235,700",5.90,6.30,6,0,0,0
20/09/2011,5.90,"118,500",5.90,6.10,5.70,0,0,0
19/09/2011,5.90,"82,300",5.90,6,5.70,0,0,0
16/09/2011,5.90,"144,900",6.30,6.50,5.90,0,0,0
15/09/2011,6.30,"181,800",6.40,6.40,6.30,0,0,0
14/09/2011,6.40,"415,200",6.80,7.20,6.40,0,0,0
13/09/2011,6.80,"35,500",6.40,6.80,6.80,0,0,0
12/09/2011,6.40,"20,800",6,6.40,6.10,0,0,0
09/09/2011,6,"215,400",5.70,6,5.60,0,0,0
08/09/2011,5.70,"189,900",5.40,5.70,5.60,0,0,0
07/09/2011,5.40,"155,500",5,5.40,5.20,0,0,0
06/09/2011,5,"95,100",5.30,5.30,5,0,0,0
05/09/2011,5.30,"168,600",5.10,5.30,5.20,0,0,0
01/09/2011,5.10,"82,700",5,5.20,4.80,0,0,0
31/08/2011,5,"40,300",5,5.20,4.90,0,0,0
30/08/2011,5,"223,200",4.90,5.10,5,"5,000",0,0.0
29/08/2011,4.90,"58,300",4.50,4.90,4.50,0,0,0
26/08/2011,4.50,"40,300",4.70,4.70,4.50,0,0,0
25/08/2011,4.70,"15,500",4.50,4.70,4.60,0,0,0
24/08/2011,4.50,"28,400",4.70,4.80,4.50,0,0,0
23/08/2011,4.70,"9,500",4.90,4.90,4.50,0,0,0
22/08/2011,4.90,"76,800",4.60,4.90,4.50,0,"1,000",-0.0
19/08/2011,4.60,"10,700",4.70,4.70,4.60,0,0,0
18/08/2011,4.70,"12,800",4.80,5,4.50,0,0,0
17/08/2011,4.80,"44,200",4.50,4.80,4.60,0,0,0
16/08/2011: Cá» tá»©c tiá»n máº·t tá» lá»:  5%,,,,,,,,
16/08/2011,4.50,"1,100",4.50,4.50,4.50,0,0,0
15/08/2011,4.50,"26,300",4.32,4.50,4.14,"1,000",0,0.0
12/08/2011,4.32,"25,800",4.23,4.32,4.14,0,0,0
11/08/2011,4.23,"27,100",4.32,4.32,4.14,0,0,0
10/08/2011,4.32,"37,600",4.50,4.77,4.23,0,0,0
09/08/2011,4.50,"25,700",4.77,4.77,4.50,0,0,0
08/08/2011,4.77,"34,600",5.04,5.04,4.77,0,0,0
05/08/2011,5.04,"11,700",5.22,5.22,5.04,0,0,0
04/08/2011,5.22,"64,300",4.95,5.22,4.95,0,0,0
03/08/2011,4.95,"5,000",4.95,4.95,4.95,0,0,0
02/08/2011,4.95,"37,800",4.86,5.13,4.86,0,0,0
01/08/2011,4.86,"5,000",5.04,5.04,4.86,0,0,0
29/07/2011,5.04,"14,800",5.04,5.13,4.86,0,0,0
28/07/2011,5.04,"16,200",5.04,5.13,4.95,0,0,0
27/07/2011,5.04,"24,900",4.95,5.13,4.86,0,0,0
26/07/2011,4.95,"33,400",5.22,5.22,4.95,0,0,0
25/07/2011,5.22,"6,100",5.22,5.22,5.04,0,0,0
22/07/2011,5.22,"33,400",5.31,5.49,5.22,0,0,0
21/07/2011,5.31,"8,800",5.49,5.58,5.31,0,0,0
20/07/2011,5.49,"11,800",5.40,5.49,5.04,0,0,0
19/07/2011,5.40,"17,800",5.40,5.58,5.31,0,0,0
18/07/2011,5.40,"21,000",5.49,5.49,5.40,0,0,0
15/07/2011,5.49,"9,000",5.49,5.58,5.40,0,0,0
14/07/2011,5.49,"41,900",5.58,5.58,5.40,0,0,0
13/07/2011,5.58,"37,500",5.76,5.76,5.58,0,0,0
12/07/2011,5.76,"31,300",5.67,5.76,5.58,0,0,0
11/07/2011,5.67,"27,000",5.85,5.85,5.58,0,0,0
08/07/2011,5.85,"157,400",5.94,5.94,5.58,0,0,0
07/07/2011,5.94,"48,900",6.03,6.21,5.85,0,0,0
06/07/2011,6.03,"24,500",6.30,6.30,6.03,0,0,0
05/07/2011,6.30,"55,300",6.21,6.39,6.12,0,0,0
04/07/2011,6.21,"11,800",6.03,6.21,5.94,0,0,0
01/07/2011,6.03,"74,900",6.30,6.30,5.94,0,0,0
30/06/2011,6.30,"93,000",6.03,6.30,6.03,0,0,0
29/06/2011,6.03,"30,200",6.03,6.12,5.85,0,0,0
28/06/2011,6.03,"41,900",6.12,6.12,5.94,0,0,0
27/06/2011,6.12,"30,900",6.12,6.21,6.03,0,0,0
24/06/2011,6.12,"51,900",6.03,6.21,5.85,0,0,0
23/06/2011,6.03,"50,500",6.21,6.21,6.03,0,0,0
22/06/2011,6.21,"27,800",6.39,6.48,6.21,0,0,0
21/06/2011,6.39,"81,200",6.12,6.39,6.12,0,0,0
20/06/2011,6.12,"95,200",6.30,6.30,5.94,0,0,0
17/06/2011,6.30,"166,500",6.66,6.84,6.30,0,0,0
16/06/2011,6.66,"171,300",6.93,7.02,6.48,0,0,0
15/06/2011,6.93,"44,100",7.20,7.20,6.93,0,0,0
14/06/2011,7.20,"207,000",7.02,7.47,6.75,0,0,0
13/06/2011,7.02,"191,900",6.57,7.02,6.66,0,0,0
10/06/2011,6.57,"117,200",6.30,6.57,6.57,0,0,0
09/06/2011,6.30,"210,200",5.85,6.30,5.94,0,0,0
08/06/2011,5.85,"176,300",6.39,6.39,5.85,0,0,0
07/06/2011,6.39,"94,400",6.12,6.39,5.94,0,0,0
06/06/2011,6.12,"13,700",6.30,6.39,6.03,0,0,0
03/06/2011,6.30,"76,200",6.39,6.75,6.12,0,0,0
02/06/2011,6.39,"50,600",6.12,6.39,6.30,0,0,0
01/06/2011,6.12,"66,400",5.85,6.21,5.85,0,0,0
31/05/2011,5.85,"24,400",5.94,5.94,5.67,0,0,0
30/05/2011,5.94,"11,900",6.21,6.21,5.76,0,0,0
27/05/2011,6.21,"41,700",6.21,6.21,5.85,0,0,0
26/05/2011,6.21,"88,200",5.94,6.21,5.76,0,0,0
25/05/2011,5.94,"78,500",6.30,6.57,5.94,0,0,0
24/05/2011,6.30,"36,200",6.75,6.75,6.30,0,0,0
23/05/2011,6.75,"63,900",7.29,7.29,6.75,0,0,0
20/05/2011,7.29,"15,400",7.20,7.29,7.02,0,0,0
19/05/2011,7.20,"90,500",7.74,7.74,7.20,0,0,0
18/05/2011,7.74,"101,600",7.83,8.37,7.47,0,0,0
17/05/2011,7.83,"20,600",8.01,8.28,7.83,0,0,0
16/05/2011,8.01,"9,500",8.28,8.37,8.01,0,0,0
13/05/2011,8.28,"5,600",8.46,8.55,8.28,0,0,0
12/05/2011,8.46,"14,000",8.46,8.55,8.37,0,0,0
11/05/2011,8.46,"11,400",8.73,8.73,8.46,0,0,0
10/05/2011,8.73,"44,400",8.64,8.82,8.46,0,0,0
09/05/2011,8.64,"37,900",8.64,8.82,8.46,0,0,0
06/05/2011,8.64,"13,400",8.46,8.64,8.28,0,0,0
05/05/2011,8.46,"10,200",8.55,8.82,8.37,0,0,0
04/05/2011,8.55,"28,300",8.82,8.82,8.55,0,0,0
29/04/2011,8.82,"12,100",8.82,8.91,8.73,0,0,0
28/04/2011,8.82,"40,700",8.91,8.91,8.73,0,0,0
27/04/2011,8.91,"43,500",9.00,9.27,8.91,0,0,0
26/04/2011,9.00,"84,100",9.09,9.63,8.82,0,0,0
25/04/2011,9.09,"129,200",8.64,9.09,8.91,0,0,0
22/04/2011,8.64,"89,400",8.82,8.82,8.55,0,0,0
21/04/2011,8.82,"146,500",8.55,8.91,8.64,0,0,0
20/04/2011,8.55,"106,800",8.55,8.82,8.46,0,0,0
19/04/2011,8.55,"134,500",8.55,8.64,7.92,0,0,0
18/04/2011,8.55,"111,500",8.73,8.91,8.37,0,0,0
15/04/2011,8.73,"104,900",9.18,9.36,8.64,0,0,0
14/04/2011,9.18,"51,900",9.45,9.63,9.18,0,0,0
13/04/2011,9.45,"39,200",9.72,9.72,9.36,0,0,0
08/04/2011,9.72,"42,000",9.90,9.90,9.54,0,0,0
07/04/2011,9.90,"50,000",10.26,10.26,9.81,0,0,0
06/04/2011,10.26,"93,100",9.72,10.26,9.81,0,"2,000",-0.0
05/04/2011,9.72,"60,700",9.90,10.08,9.45,0,0,0
04/04/2011,9.90,"31,600",9.99,9.99,9.81,0,0,0
01/04/2011,9.99,"48,300",10.08,10.26,9.90,0,0,0
31/03/2011,10.08,"91,100",10.35,10.53,10.08,0,0,0
30/03/2011,10.35,"112,700",10.44,10.44,9.90,0,0,0
29/03/2011,10.44,"121,800",10.80,10.80,10.44,0,0,0
28/03/2011,10.80,"45,300",10.98,11.16,10.80,0,0,0
25/03/2011,10.98,"46,200",11.43,11.52,10.89,0,0,0
24/03/2011,11.43,"253,200",10.80,11.43,10.80,0,0,0
23/03/2011,10.80,"98,800",10.80,10.89,10.44,0,0,0
22/03/2011,10.80,"68,100",11.16,11.25,10.71,0,0,0
21/03/2011,11.16,"119,800",11.34,11.61,11.07,0,0,0
18/03/2011,11.34,"165,300",11.16,11.34,10.80,0,"10,000",-0.1
17/03/2011,11.16,"28,400",10.98,11.61,10.89,0,0,0
16/03/2011,10.98,"50,800",11.07,11.25,10.08,0,0,0
15/03/2011,11.07,"127,000",11.34,11.34,10.62,0,0,0
14/03/2011,11.34,"148,900",11.79,11.79,11.25,0,0,0
11/03/2011,11.79,"297,900",12.42,12.60,11.70,0,"7,000",-0.1
10/03/2011,12.42,"165,300",12.06,12.60,12.24,0,0,0
09/03/2011,12.06,"115,800",12.51,12.51,11.70,0,0,0
08/03/2011,12.51,"186,900",12.06,12.78,11.88,0,0,0
07/03/2011,12.06,"58,200",11.70,12.15,11.61,0,0,0
04/03/2011,11.70,"106,900",10.80,11.70,10.98,"5,000",0,0.1
03/03/2011,10.80,"126,000",11.43,11.70,10.80,0,0,0
02/03/2011,11.43,"169,200",11.88,11.97,11.07,0,0,0
01/03/2011,11.88,"80,700",11.97,12.24,11.61,0,0,0
28/02/2011,11.97,"66,600",12.42,12.78,11.97,0,0,0
25/02/2011,12.42,"111,200",12.24,12.60,12.15,0,0,0
24/02/2011,12.24,"119,300",12.33,12.42,11.61,0,0,0
23/02/2011,12.33,"86,600",12.06,12.69,12.06,0,0,0
22/02/2011,12.06,"112,300",12.51,12.51,11.97,0,0,0
21/02/2011,12.51,"220,100",13.14,14.04,12.33,"2,000",0,0.0
18/02/2011,13.14,"131,800",13.05,13.95,12.60,0,0,0
17/02/2011,13.05,"167,400",13.59,13.95,13.05,0,0,0
16/02/2011,13.59,"158,300",13.59,14.31,13.41,"5,000",0,0.1
15/02/2011,13.59,"288,000",13.50,13.95,13.05,0,0,0
14/02/2011,13.50,"348,900",12.87,13.59,13.14,0,0,0
11/02/2011,12.87,"181,800",12.06,12.87,12.06,0,0,0
10/02/2011,12.06,"68,700",12.33,12.42,11.79,0,0,0
09/02/2011,12.33,"94,800",12.51,12.87,12.15,0,0,0
08/02/2011,12.51,"43,200",12.42,12.96,12.33,0,0,0
28/01/2011,12.42,"130,500",12.42,12.60,11.97,0,0,0
27/01/2011,12.42,"70,400",12.15,12.51,12.06,0,0,0
26/01/2011,12.15,"155,900",12.51,12.51,11.88,0,0,0
25/01/2011,12.51,"120,200",12.78,13.05,12.24,0,0,0
24/01/2011,12.78,"332,900",12.51,13.32,12.60,"5,000",0,0.1
21/01/2011,12.51,"64,100",11.70,12.51,12.51,0,0,0
20/01/2011,11.70,"466,900",11.25,11.70,11.43,0,0,0
19/01/2011,11.25,"85,100",11.16,11.25,10.62,0,0,0
18/01/2011,11.16,"59,200",11.70,11.70,10.98,0,0,0
17/01/2011,11.70,"45,200",11.79,11.97,11.52,0,0,0
14/01/2011,11.79,"41,500",11.52,11.79,11.43,0,0,0
13/01/2011,11.52,"25,900",11.61,11.97,11.43,0,0,0
12/01/2011,11.61,"31,800",11.25,11.88,11.25,0,0,0
11/01/2011,11.25,"69,300",11.79,11.79,11.07,0,0,0
10/01/2011,11.79,"41,200",12.42,12.42,11.70,0,0,0
07/01/2011,12.42,"27,800",12.51,12.69,12.24,0,0,0
06/01/2011,12.51,"27,200",12.60,12.60,12.06,0,0,0
05/01/2011,12.60,"62,100",12.87,13.14,12.24,0,0,0
04/01/2011,12.87,"21,900",13.23,13.23,12.69,0,0,0
31/12/2010,13.23,"22,600",13.14,13.32,12.96,0,0,0
30/12/2010,13.14,"23,800",13.32,13.59,12.78,0,0,0
29/12/2010,13.32,"86,500",13.14,13.77,12.96,0,0,0
28/12/2010,13.14,"62,900",12.24,13.14,12.06,0,0,0
27/12/2010,12.24,"45,700",12.15,12.60,12.15,0,0,0
24/12/2010,12.15,"55,300",12.24,12.96,11.88,0,0,0
23/12/2010,12.24,"75,500",12.51,12.51,12.06,0,0,0
22/12/2010,12.51,"70,400",12.60,13.05,12.24,0,0,0
21/12/2010,12.60,"30,500",12.60,12.87,12.15,0,0,0
20/12/2010,12.60,"41,300",13.68,13.68,12.60,0,0,0
17/12/2010,13.68,"58,500",12.87,13.77,12.87,0,0,0
16/12/2010,12.87,"97,400",13.41,13.41,12.87,0,0,0
15/12/2010,13.41,"89,600",13.77,14.13,13.23,0,0,0
14/12/2010,13.77,"249,500",14.76,15.66,13.77,0,"2,400",-0.0
13/12/2010,14.76,"125,000",13.95,14.76,14.49,0,0,0
10/12/2010,13.95,"124,800",13.50,13.95,13.59,0,"2,000",-0.0
09/12/2010,13.50,"251,900",13.68,14.04,12.78,0,"2,500",-0.0
08/12/2010,13.68,"115,000",14.58,14.58,13.68,0,0,0
07/12/2010,14.58,"218,400",14.85,15.66,14.58,0,0,0
06/12/2010,14.85,"138,500",15.03,16.02,14.40,0,0,0
03/12/2010,15.03,"216,700",14.58,15.03,14.58,0,0,0
02/12/2010,14.58,"242,600",13.77,14.85,13.23,0,"4,000",-0.1
01/12/2010,13.77,"508,400",13.32,14.22,13.77,"6,000",0,0.1
30/11/2010,13.32,"107,800",12.60,13.32,13.32,0,0,0
29/11/2010,12.60,"159,000",11.79,12.60,12.15,0,0,0
26/11/2010,11.79,"153,300",11.16,11.79,11.52,0,0,0
25/11/2010,11.16,"108,400",10.35,11.16,10.71,0,0,0
24/11/2010,10.35,"36,200",10.35,10.89,10.17,0,0,0
23/11/2010,10.35,"45,500",10.08,10.62,10.17,0,0,0
22/11/2010,10.08,"30,400",10.44,10.44,10.08,0,0,0
19/11/2010,10.44,"60,300",10.71,10.98,10.44,0,0,0
18/11/2010,10.71,"50,400",10.08,10.71,10.17,0,0,0
17/11/2010,10.08,"37,300",9.90,10.44,9.63,0,0,0
16/11/2010,9.90,"73,400",10.62,10.62,9.90,0,0,0
15/11/2010,10.62,"28,200",10.71,11.25,10.35,0,0,0
12/11/2010,10.71,"51,400",11.25,11.25,10.62,0,0,0
11/11/2010,11.25,"30,400",11.70,11.79,11.07,0,0,0
10/11/2010,11.70,"23,100",11.79,12.42,11.70,0,0,0
09/11/2010,11.79,"75,100",12.42,12.42,11.79,"3,000",0,0.0
08/11/2010,12.42,"12,100",12.87,13.05,12.42,0,0,0
05/11/2010,12.87,"31,700",12.51,13.05,12.60,0,0,0
04/11/2010,12.51,"44,100",12.24,12.60,12.24,100,0,0.0
03/11/2010,12.24,"69,900",13.05,13.41,12.24,0,0,0
02/11/2010,13.05,"44,200",13.50,13.50,12.87,0,0,0
01/11/2010,13.50,"30,700",13.41,13.95,13.32,0,0,0
29/10/2010,13.41,"33,900",13.32,13.68,13.32,0,0,0
28/10/2010,13.32,"15,800",13.68,14.22,13.32,0,0,0
27/10/2010,13.68,"20,100",14.31,14.31,13.59,900,0,0.0
26/10/2010,14.31,"105,200",13.86,14.31,13.68,0,0,0
25/10/2010,13.86,"49,700",13.77,13.86,13.05,0,0,0
22/10/2010,13.77,"87,300",13.77,13.77,13.23,0,0,0
21/10/2010,13.77,"57,800",13.86,14.40,13.50,0,0,0
20/10/2010,13.86,"125,600",14.58,15.03,13.86,0,0,0
19/10/2010,14.58,"66,400",15.30,15.84,14.49,0,900,-0.0
18/10/2010,15.30,"35,900",15.21,15.66,15.21,0,"4,100",-0.1
15/10/2010,15.21,"70,300",15.66,15.66,14.76,0,0,0
14/10/2010,15.66,"45,900",15.66,15.84,15.30,0,"1,000",-0.0
13/10/2010,15.66,"54,400",15.30,16.20,15.30,0,0,0
12/10/2010,15.30,"42,100",16.11,16.11,15.30,0,0,0
11/10/2010,16.11,"71,100",15.93,16.38,15.57,0,0,0
08/10/2010,15.93,"62,600",16.47,16.56,15.75,0,0,0
07/10/2010,16.47,"62,900",16.83,17.19,16.20,0,0,0
06/10/2010,16.83,"176,600",16.02,16.83,15.30,0,0,0
05/10/2010,16.02,"72,000",16.02,16.47,14.76,0,0,0
04/10/2010,16.02,"146,500",17.01,17.10,15.75,0,0,0
01/10/2010,17.01,"112,800",17.19,17.55,16.74,0,0,0
30/09/2010,17.19,"104,300",16.74,17.37,16.38,0,0,0
29/09/2010,16.74,"138,500",17.55,17.73,16.56,0,0,0
28/09/2010,17.55,"154,300",17.19,18.18,17.28,0,0,0
27/09/2010,17.19,"100,700",17.01,17.55,16.74,0,0,0
24/09/2010,17.01,"156,900",17.55,17.64,16.74,0,0,0
23/09/2010,17.55,"173,000",18.63,18.63,17.55,0,0,0
22/09/2010,18.63,"243,400",18.18,19.44,18.36,"4,000",0,0.1
21/09/2010,18.18,"459,100",17.01,18.18,17.10,"3,000",0,0.1
20/09/2010,17.01,"284,600",15.93,17.01,16.38,0,0,0
17/09/2010,15.93,"271,100",15.12,15.93,15.30,0,0,0
16/09/2010,15.12,"23,800",15.03,15.30,14.76,0,0,0
15/09/2010,15.03,"32,600",15.66,15.66,14.85,0,0,0
14/09/2010,15.66,"44,200",15.03,15.66,14.94,0,0,0
13/09/2010,15.03,"107,700",15.57,15.57,14.94,0,0,0
10/09/2010,15.57,"140,100",16.47,17.10,15.57,0,0,0
09/09/2010,16.47,"88,000",16.56,17.19,16.20,0,0,0
08/09/2010,16.56,"71,400",17.28,17.28,16.38,0,0,0
07/09/2010,17.28,"42,900",17.28,18.45,16.65,0,0,0
06/09/2010,17.28,"153,900",16.47,17.28,17.10,0,0,0
01/09/2010,16.47,"87,700",16.38,16.65,15.30,0,0,0
31/08/2010,16.38,"81,800",15.84,16.56,15.30,0,0,0
30/08/2010,15.84,"116,600",14.76,15.84,15.75,0,0,0
27/08/2010,14.76,"43,100",15.03,15.30,14.40,0,0,0
26/08/2010,15.03,"20,700",14.40,15.48,14.40,0,0,0
25/08/2010,14.40,"59,100",15.30,16.11,14.40,0,0,0
24/08/2010,15.30,"76,500",16.29,17.10,15.30,0,0,0
23/08/2010,16.29,"115,000",15.30,16.38,15.75,0,0,0
20/08/2010,15.30,"23,600",15.93,16.20,15.12,0,0,0
19/08/2010,15.93,"26,000",16.56,16.56,15.93,0,0,0
18/08/2010,16.56,"14,400",17.46,17.64,16.38,0,0,0
17/08/2010,17.46,"38,300",18.18,18.45,16.92,0,0,0
16/08/2010,18.18,"90,200",18.00,18.18,17.19,0,0,0
13/08/2010,18.00,"60,800",17.64,18.36,16.65,0,0,0
12/08/2010,17.64,"35,500",19.35,19.35,17.64,0,0,0
11/08/2010,19.35,"43,500",19.71,20.61,18.45,0,0,0
10/08/2010,19.71,"75,400",22.05,22.05,19.71,0,0,0
09/08/2010,22.05,"76,400",22.95,22.95,20.97,0,0,0
06/08/2010,22.95,"39,400",23.04,23.22,21.78,0,0,0
05/08/2010,23.04,"35,200",22.32,24.03,22.23,0,0,0
04/08/2010,22.32,"57,300",23.49,23.49,22.23,0,0,0
03/08/2010,23.49,"78,300",22.14,24.75,23.49,0,0,0
02/08/2010,22.14,"179,000",24.48,25.29,22.14,0,0,0
30/07/2010,24.48,"104,800",23.13,24.66,23.13,0,0,0
29/07/2010,23.13,"37,100",23.13,23.67,22.95,0,0,0
28/07/2010,23.13,"163,800",24.30,24.57,22.86,0,0,0
27/07/2010,24.30,"44,200",25.20,25.56,24.12,0,0,0
26/07/2010,25.20,"112,200",26.55,26.55,25.11,0,0,0
23/07/2010,26.55,"155,400",27.72,29.61,25.92,0,0,0
22/07/2010,27.72,"415,100",25.92,27.72,26.01,0,0,0
21/07/2010,25.92,"244,100",25.02,25.92,25.20,"2,000",0,0.1
20/07/2010,25.02,"35,100",24.30,25.11,23.67,0,0,0
19/07/2010,24.30,"29,100",24.30,24.30,23.40,0,0,0
16/07/2010,24.30,"19,300",24.03,24.57,23.94,0,0,0
15/07/2010,24.03,"27,700",24.48,24.75,23.58,0,0,0
14/07/2010,24.48,"17,900",24.84,25.20,24.48,0,0,0
13/07/2010,24.84,"13,600",24.30,25.65,24.84,0,0,0
12/07/2010,24.30,"10,800",24.21,24.57,24.30,0,0,0
09/07/2010,24.21,"24,600",24.21,24.48,23.85,0,0,0
08/07/2010,24.21,"25,500",23.40,24.30,23.85,0,0,0
07/07/2010,23.40,"40,400",24.30,24.75,23.40,0,0,0
06/07/2010,24.30,"21,700",25.02,25.20,24.30,0,0,0
05/07/2010,25.02,"32,800",24.93,25.29,24.84,0,0,0
02/07/2010,24.93,"9,100",24.57,25.20,24.57,0,0,0
01/07/2010,24.57,"26,700",25.02,25.47,24.39,0,0,0
30/06/2010,25.02,"42,400",25.74,25.74,24.75,0,0,0
29/06/2010,25.74,"32,900",26.37,28.17,25.74,0,0,0
28/06/2010,26.37,"31,200",26.64,28.80,26.37,0,0,0
25/06/2010,26.64,"80,800",26.55,28.08,26.28,0,"1,100",-0.0
24/06/2010,26.55,"65,300",26.37,27.00,25.02,0,"1,000",-0.0
23/06/2010,26.37,"60,800",28.17,28.17,26.37,0,0,0
22/06/2010,28.17,"39,000",29.25,29.25,27.09,0,0,0
21/06/2010,29.25,"72,000",29.07,31.05,27.99,0,0,0
18/06/2010,29.07,"126,500",31.23,31.23,29.07,0,0,0
17/06/2010,31.23,"120,000",29.25,31.23,30.60,0,0,0
16/06/2010,29.25,"130,500",27.36,29.25,28.80,"2,100",0,0.1
15/06/2010,27.36,"86,600",25.74,27.36,27.36,0,0,0
14/06/2010,25.74,"106,500",24.03,25.74,23.76,0,0,0
11/06/2010,24.03,"25,000",24.12,25.02,23.94,0,0,0
10/06/2010,24.12,"7,000",24.30,24.48,23.40,0,0,0
09/06/2010,24.30,"4,300",24.93,25.56,24.30,0,0,0
08/06/2010,24.93,"6,800",23.40,24.93,24.21,0,0,0
07/06/2010,23.40,"31,900",24.30,24.75,23.22,0,0,0
04/06/2010,24.30,"11,500",25.02,25.11,24.30,0,0,0
03/06/2010,25.02,"11,600",24.93,25.20,24.30,0,0,0
02/06/2010,24.93,"10,300",25.20,25.20,24.30,0,0,0
01/06/2010,25.20,"20,100",25.65,25.65,23.94,0,0,0
31/05/2010,25.65,"23,600",27.63,27.63,25.38,0,0,0
28/05/2010,27.63,"53,800",26.10,27.81,26.10,0,0,0
27/05/2010,26.10,"19,800",25.20,26.55,24.75,0,0,0
26/05/2010,25.20,"43,500",23.40,25.20,23.22,0,0,0
25/05/2010,23.40,"31,000",24.84,24.84,23.22,0,0,0
24/05/2010,24.84,"21,400",26.55,26.55,24.75,0,0,0
21/05/2010,26.55,"12,100",30.06,30.06,26.55,0,0,0
20/05/2010,30.06,"45,300",29.97,31.77,27.90,0,0,0
19/05/2010,29.97,"23,900",32.13,32.13,29.97,0,0,0
18/05/2010,32.13,"30,000",34.47,34.47,31.86,0,0,0
17/05/2010,34.47,"65,700",32.67,34.47,32.40,0,0,0
14/05/2010,32.67,"80,000",32.67,34.92,30.42,0,0,0
13/05/2010,32.67,"11,000",35.10,35.10,32.67,0,0,0
12/05/2010,35.10,"20,800",37.71,37.71,35.10,0,0,0
11/05/2010,37.71,"48,500",40.50,40.50,37.71,0,0,0
10/05/2010,40.50,300,43.47,43.47,40.50,0,0,0
07/05/2010,43.47,"3,000",46.35,46.35,43.47,0,0,0
06/05/2010,46.35,"17,600",50.40,50.40,46.35,0,0,0
05/05/2010,50.40,"10,000",50.40,50.85,47.97,0,0,0
04/05/2010,50.40,"45,300",45.00,50.49,45.00,0,0,0
29/04/2010,45.00,"70,600",45.45,47.97,44.10,0,0,0
28/04/2010,45.45,"124,700",45.45,54.90,41.58,0,0,0
30/11/-0001,4.50,600,4.50,4.50,4.50,0,0,0
