Date,Close,Volume,Open,High,Low,Foreign Buy,Foreign Sell,Foreign Value
21/03/2025,1.20,"329,600",1.20,1.20,1,0,0,0
20/03/2025,1.10,0,1.10,1.10,1.10,0,0,0
19/03/2025,1.10,0,1.10,1.10,1.10,0,0,0
18/03/2025,1.10,0,1.10,1.10,1.10,0,0,0
17/03/2025,1.10,0,1.10,1.10,1.10,0,0,0
14/03/2025,1.10,"540,400",1,1.10,1,0,0,0
13/03/2025,1,0,1,1,1,0,0,0
12/03/2025,1,0,1,1,1,0,0,0
11/03/2025,1,0,1,1,1,0,0,0
10/03/2025,1,0,1,1,1,0,0,0
07/03/2025,1.10,"57,700",1,1.10,0.90,0,0,0
06/03/2025,1,0,1,1,1,0,0,0
05/03/2025,1,0,1,1,1,0,0,0
04/03/2025,1,0,1,1,1,0,0,0
03/03/2025,1,0,1,1,1,0,0,0
28/02/2025,1.10,"208,100",1.10,1.10,1,0,0,0
27/02/2025,1.10,0,1.10,1.10,1.10,0,0,0
26/02/2025,1.10,0,1.10,1.10,1.10,0,0,0
25/02/2025,1.10,0,1.10,1.10,1.10,0,0,0
24/02/2025,1.10,0,1.10,1.10,1.10,0,0,0
21/02/2025,1.10,"800,500",1,1.10,1,0,0,0
20/02/2025,1,0,1,1,1,0,0,0
19/02/2025,1,0,1,1,1,0,0,0
18/02/2025,1,0,1,1,1,0,0,0
17/02/2025,1,0,1,1,1,0,0,0
14/02/2025,1,"128,400",0.90,1.10,0.90,0,0,0
13/02/2025,1,0,1,1,1,0,0,0
12/02/2025,1,0,1,1,1,0,0,0
11/02/2025,1,0,1,1,1,0,0,0
10/02/2025,1,0,1,1,1,0,0,0
07/02/2025,1,"308,201",1,1.10,0.90,0,0,0
06/02/2025,1,0,1,1,1,0,0,0
05/02/2025,1,0,1,1,1,0,0,0
04/02/2025,1,0,1,1,1,0,0,0
03/02/2025,1,0,1,1,1,0,0,0
24/01/2025,1,"69,614",1,1,0.90,0,0,0
23/01/2025,0.90,0,0.90,0.90,0.90,0,0,0
22/01/2025,0.90,0,0.90,0.90,0.90,0,0,0
21/01/2025,0.90,0,0.90,0.90,0.90,0,0,0
20/01/2025,0.90,0,0.90,0.90,0.90,0,0,0
17/01/2025,0.90,"597,900",0.80,0.90,0.80,0,0,0
16/01/2025,0.80,0,0.80,0.80,0.80,0,0,0
15/01/2025,0.80,0,0.80,0.80,0.80,0,0,0
14/01/2025,0.80,0,0.80,0.80,0.80,0,0,0
13/01/2025,0.80,0,0.80,0.80,0.80,0,0,0
10/01/2025,0.90,"134,400",0.80,0.90,0.80,0,0,0
09/01/2025,0.80,0,0.80,0.80,0.80,0,0,0
08/01/2025,0.80,0,0.80,0.80,0.80,0,0,0
07/01/2025,0.80,0,0.80,0.80,0.80,0,0,0
06/01/2025,0.80,0,0.80,0.80,0.80,0,0,0
03/01/2025,0.90,"360,600",0.90,0.90,0.80,0,0,0
02/01/2025,0.90,0,0.90,0.90,0.90,0,0,0
31/12/2024,0.90,0,0.90,0.90,0.90,0,0,0
30/12/2024,0.90,0,0.90,0.90,0.90,0,0,0
27/12/2024,0.90,"212,700",0.90,1,0.80,0,0,0
26/12/2024,0.90,0,0.90,0.90,0.90,0,0,0
25/12/2024,0.90,0,0.90,0.90,0.90,0,0,0
24/12/2024,0.90,0,0.90,0.90,0.90,0,0,0
23/12/2024,0.90,0,0.90,0.90,0.90,0,0,0
20/12/2024,0.90,"301,990",1,1,0.90,0,230,-0.0
19/12/2024,1,0,1,1,1,0,0,0
18/12/2024,1,0,1,1,1,0,0,0
17/12/2024,1,0,1,1,1,0,0,0
16/12/2024,1,0,1,1,1,0,0,0
13/12/2024,1,"71,820",1,1,0.90,0,0,0
12/12/2024,0.90,0,0.90,0.90,0.90,0,0,0
11/12/2024,0.90,0,0.90,0.90,0.90,0,0,0
10/12/2024,0.90,0,0.90,0.90,0.90,0,0,0
09/12/2024,0.90,0,0.90,0.90,0.90,0,0,0
06/12/2024,1,"204,040",1,1,0.90,0,0,0
05/12/2024,1,0,1,1,1,0,0,0
04/12/2024,1,0,1,1,1,0,0,0
03/12/2024,1,0,1,1,1,0,0,0
02/12/2024,1,0,1,1,1,0,0,0
29/11/2024,1,"115,400",1,1.10,0.90,0,0,0
28/11/2024,1,0,1,1,1,0,0,0
27/11/2024,1,0,1,1,1,0,0,0
26/11/2024,1,0,1,1,1,0,0,0
25/11/2024,1,0,1,1,1,0,0,0
22/11/2024,1,"160,900",1.10,1.10,1,0,0,0
21/11/2024,1,0,1,1,1,0,0,0
20/11/2024,1,0,1,1,1,0,0,0
19/11/2024,1,0,1,1,1,0,0,0
18/11/2024,1,0,1,1,1,0,0,0
15/11/2024,1,"169,908",1.10,1.10,1,0,0,0
14/11/2024,1.10,0,1.10,1.10,1.10,0,0,0
13/11/2024,1.10,0,1.10,1.10,1.10,0,0,0
12/11/2024,1.10,0,1.10,1.10,1.10,0,0,0
11/11/2024,1.10,0,1.10,1.10,1.10,0,0,0
08/11/2024,1.10,"417,405",1.20,1.20,1.10,0,0,0
07/11/2024,1.20,0,1.20,1.20,1.20,0,0,0
06/11/2024,1.20,0,1.20,1.20,1.20,0,0,0
05/11/2024,1.20,0,1.20,1.20,1.20,0,0,0
04/11/2024,1.20,0,1.20,1.20,1.20,0,0,0
01/11/2024,1.20,"711,065",1.20,1.20,1.20,0,0,0
31/10/2024,1.10,0,1.10,1.10,1.10,0,0,0
30/10/2024,1.10,0,1.10,1.10,1.10,0,0,0
29/10/2024,1.10,0,1.10,1.10,1.10,0,0,0
28/10/2024,1.10,0,1.10,1.10,1.10,0,0,0
25/10/2024,1.10,"420,942",1.10,1.10,1,0,0,0
24/10/2024,1,0,1,1,1,0,0,0
23/10/2024,1,0,1,1,1,0,0,0
22/10/2024,1,0,1,1,1,0,0,0
21/10/2024,1,0,1,1,1,0,0,0
18/10/2024,1,"328,030",0.80,1,0.80,0,0,0
17/10/2024,0.90,0,0.90,0.90,0.90,0,0,0
16/10/2024,0.90,0,0.90,0.90,0.90,0,0,0
15/10/2024,0.90,0,0.90,0.90,0.90,0,0,0
14/10/2024,0.90,0,0.90,0.90,0.90,0,0,0
11/10/2024,0.90,"750,840",0.80,0.90,0.80,0,0,0
10/10/2024,0.80,0,0.80,0.80,0.80,0,0,0
09/10/2024,0.80,0,0.80,0.80,0.80,0,0,0
08/10/2024,0.80,0,0.80,0.80,0.80,0,0,0
07/10/2024,0.80,0,0.80,0.80,0.80,0,0,0
04/10/2024,0.80,"60,742",0.80,0.90,0.70,0,0,0
03/10/2024,0.80,0,0.80,0.80,0.80,0,0,0
02/10/2024,0.80,0,0.80,0.80,0.80,0,0,0
01/10/2024,0.80,0,0.80,0.80,0.80,0,0,0
30/09/2024,0.80,0,0.80,0.80,0.80,0,0,0
27/09/2024,0.80,"198,373",0.80,0.90,0.80,0,0,0
26/09/2024,0.90,0,0.90,0.90,0.90,0,0,0
25/09/2024,0.90,0,0.90,0.90,0.90,0,0,0
24/09/2024,0.90,0,0.90,0.90,0.90,0,0,0
23/09/2024,0.90,0,0.90,0.90,0.90,0,0,0
20/09/2024,0.80,"95,837",0.90,0.90,0.80,0,0,0
19/09/2024,0.80,0,0.80,0.80,0.80,0,0,0
18/09/2024,0.80,0,0.80,0.80,0.80,0,0,0
17/09/2024,0.80,0,0.80,0.80,0.80,0,0,0
16/09/2024,0.80,0,0.80,0.80,0.80,0,0,0
13/09/2024,0.90,"117,710",0.90,0.90,0.80,0,0,0
12/09/2024,0.80,0,0.80,0.80,0.80,0,0,0
11/09/2024,0.80,0,0.80,0.80,0.80,0,0,0
10/09/2024,0.80,0,0.80,0.80,0.80,0,0,0
09/09/2024,0.80,0,0.80,0.80,0.80,0,0,0
06/09/2024,0.80,"59,100",0.90,0.90,0.80,0,0,0
05/09/2024,0.90,0,0.90,0.90,0.90,0,0,0
04/09/2024,0.90,0,0.90,0.90,0.90,0,0,0
30/08/2024,0.90,"46,193",0.90,1,0.80,0,0,0
29/08/2024,0.90,0,0.90,0.90,0.90,0,0,0
28/08/2024,0.90,0,0.90,0.90,0.90,0,0,0
27/08/2024,0.90,0,0.90,0.90,0.90,0,0,0
26/08/2024,0.90,0,0.90,0.90,0.90,0,0,0
23/08/2024,0.90,"189,822",0.90,1,0.80,0,0,0
22/08/2024,0.90,0,0.90,0.90,0.90,0,0,0
21/08/2024,0.90,0,0.90,0.90,0.90,0,0,0
20/08/2024,0.90,0,0.90,0.90,0.90,0,0,0
19/08/2024,0.90,0,0.90,0.90,0.90,0,0,0
16/08/2024,1,"114,236",0.90,1,0.80,0,0,0
15/08/2024,0.90,0,0.90,0.90,0.90,0,0,0
14/08/2024,0.90,0,0.90,0.90,0.90,0,0,0
13/08/2024,0.90,0,0.90,0.90,0.90,0,0,0
12/08/2024,0.90,0,0.90,0.90,0.90,0,0,0
09/08/2024,1,"303,094",0.90,1,0.80,0,0,0
08/08/2024,0.90,0,0.90,0.90,0.90,0,0,0
07/08/2024,0.90,0,0.90,0.90,0.90,0,0,0
06/08/2024,0.90,0,0.90,0.90,0.90,0,0,0
05/08/2024,0.90,0,0.90,0.90,0.90,0,0,0
02/08/2024,1,"436,170",1,1,0.90,0,0,0
01/08/2024,1,0,1,1,1,0,0,0
31/07/2024,1,0,1,1,1,0,0,0
30/07/2024,1,0,1,1,1,0,0,0
29/07/2024,1,0,1,1,1,0,0,0
26/07/2024,1,"212,947",1,1,0.90,0,0,0
25/07/2024,1,0,1,1,1,0,0,0
24/07/2024,1,0,1,1,1,0,0,0
23/07/2024,1,0,1,1,1,0,0,0
22/07/2024,1,0,1,1,1,0,0,0
19/07/2024,1,"539,841",1.10,1.10,1,0,0,0
18/07/2024,1.10,0,1.10,1.10,1.10,0,0,0
17/07/2024,1.10,0,1.10,1.10,1.10,0,0,0
16/07/2024,1.10,0,1.10,1.10,1.10,0,0,0
15/07/2024,1.10,0,1.10,1.10,1.10,0,0,0
12/07/2024,1.10,"569,978",1.20,1.20,1.10,0,0,0
11/07/2024,1.20,0,1.20,1.20,1.20,0,0,0
10/07/2024,1.20,0,1.20,1.20,1.20,0,0,0
09/07/2024,1.20,0,1.20,1.20,1.20,0,0,0
08/07/2024,1.20,0,1.20,1.20,1.20,0,0,0
05/07/2024,1.20,"229,476",1.20,1.30,1.10,0,0,0
04/07/2024,1.20,0,1.20,1.20,1.20,0,0,0
03/07/2024,1.20,0,1.20,1.20,1.20,0,0,0
02/07/2024,1.20,0,1.20,1.20,1.20,0,0,0
01/07/2024,1.20,0,1.20,1.20,1.20,0,0,0
28/06/2024,1.20,"506,787",1.40,1.40,1.20,0,0,0
27/06/2024,1.40,0,1.40,1.40,1.40,0,0,0
26/06/2024,1.40,0,1.40,1.40,1.40,0,0,0
25/06/2024,1.40,0,1.40,1.40,1.40,0,0,0
24/06/2024,1.40,0,1.40,1.40,1.40,0,0,0
21/06/2024,1.30,"546,203",1.40,1.50,1.30,0,0,0
20/06/2024,1.40,0,1.40,1.40,1.40,0,0,0
19/06/2024,1.40,0,1.40,1.40,1.40,0,0,0
18/06/2024,1.40,0,1.40,1.40,1.40,0,0,0
17/06/2024,1.40,0,1.40,1.40,1.40,0,0,0
14/06/2024,1.40,"833,724",1.40,1.40,1.30,0,0,0
13/06/2024,1.30,0,1.30,1.30,1.30,0,0,0
12/06/2024,1.30,0,1.30,1.30,1.30,0,0,0
11/06/2024,1.30,0,1.30,1.30,1.30,0,0,0
10/06/2024,1.30,0,1.30,1.30,1.30,0,0,0
07/06/2024,1.30,"1,092,053",1.30,1.30,1.20,0,0,0
06/06/2024,1.20,0,1.20,1.20,1.20,0,0,0
05/06/2024,1.20,0,1.20,1.20,1.20,0,0,0
04/06/2024,1.20,0,1.20,1.20,1.20,0,0,0
03/06/2024,1.20,0,1.20,1.20,1.20,0,0,0
31/05/2024,1.20,"782,884",1.20,1.20,1.20,0,0,0
30/05/2024,1.10,0,1.10,1.10,1.10,0,0,0
29/05/2024,1.10,0,1.10,1.10,1.10,0,0,0
28/05/2024,1.10,0,1.10,1.10,1.10,0,0,0
27/05/2024,1.10,0,1.10,1.10,1.10,0,0,0
24/05/2024,1.10,"984,233",1,1.10,1,0,0,0
23/05/2024,1,0,1,1,1,0,0,0
22/05/2024,1,0,1,1,1,0,0,0
21/05/2024,1,0,1,1,1,0,0,0
20/05/2024,1,0,1,1,1,0,0,0
17/05/2024,1,"1,756,554",1.10,1.10,1,0,0,0
16/05/2024,1.10,0,1.10,1.10,1.10,0,0,0
15/05/2024,1.10,0,1.10,1.10,1.10,0,0,0
14/05/2024,1.10,0,1.10,1.10,1.10,0,0,0
13/05/2024,1.10,0,1.10,1.10,1.10,0,0,0
10/05/2024,1.10,"1,591,605",1.20,1.30,1.10,0,0,0
09/05/2024,1.20,0,1.20,1.20,1.20,0,0,0
08/05/2024,1.20,0,1.20,1.20,1.20,0,0,0
07/05/2024,1.20,0,1.20,1.20,1.20,0,0,0
06/05/2024,1.20,0,1.20,1.20,1.20,0,0,0
03/05/2024,1.20,"750,918",1.10,1.30,1.10,0,0,0
02/05/2024,1.20,0,1.20,1.20,1.20,0,0,0
26/04/2024,1.20,"2,466,950",1.20,1.30,1.20,0,0,0
25/04/2024,1.30,0,1.30,1.30,1.30,0,0,0
24/04/2024,1.30,0,1.30,1.30,1.30,0,0,0
23/04/2024,1.30,0,1.30,1.30,1.30,0,0,0
22/04/2024,1.30,0,1.30,1.30,1.30,0,0,0
19/04/2024,1.30,"87,148",1.30,1.30,1.30,0,0,0
17/04/2024,1.50,0,1.50,1.50,1.50,0,0,0
16/04/2024,1.50,"126,215",1.50,1.50,1.50,0,0,0
15/04/2024,1.70,"369,129",1.70,1.80,1.70,0,0,0
12/04/2024,1.90,"1,258,003",2.10,2.20,1.90,0,0,0
11/04/2024,2.10,"907,025",2.40,2.40,2.10,0,0,0
10/04/2024,2.40,"680,272",2.60,2.60,2.30,0,0,0
09/04/2024,2.60,"144,865",2.60,2.60,2.50,0,0,0
08/04/2024,2.60,"137,400",2.60,2.70,2.60,0,0,0
05/04/2024,2.60,"748,753",2.60,2.70,2.50,0,0,0
04/04/2024,2.70,"101,902",2.70,2.80,2.60,0,0,0
03/04/2024,2.70,"210,854",2.70,2.80,2.60,0,0,0
02/04/2024,2.70,"489,906",2.70,2.70,2.60,0,0,0
01/04/2024,2.70,"291,506",2.80,2.80,2.60,0,0,0
29/03/2024,2.80,"62,244",2.80,2.80,2.70,0,0,0
28/03/2024,2.80,"365,152",2.80,2.90,2.80,0,0,0
27/03/2024,2.80,"226,258",2.70,2.80,2.70,0,0,0
26/03/2024,2.70,"162,862",2.70,2.70,2.60,19,0,0.0
25/03/2024,2.70,"72,803",2.80,2.80,2.70,0,0,0
22/03/2024,2.70,"225,300",2.70,2.80,2.70,0,0,0
21/03/2024,2.70,"264,800",2.70,2.80,2.60,0,0,0
20/03/2024,2.70,"245,210",2.70,2.80,2.60,0,0,0
19/03/2024,2.70,"105,900",2.70,2.70,2.60,0,0,0
18/03/2024,2.60,"352,612",2.80,2.80,2.60,0,0,0
15/03/2024,2.80,"732,928",2.80,2.90,2.70,0,0,0
14/03/2024,2.80,"247,310",2.80,2.90,2.70,0,0,0
13/03/2024,2.90,"755,812",2.80,2.90,2.60,0,0,0
12/03/2024,2.80,"298,200",2.70,2.80,2.60,0,0,0
11/03/2024,2.70,"281,504",2.70,2.80,2.60,0,0,0
08/03/2024,2.70,"428,100",2.70,2.80,2.60,0,0,0
07/03/2024,2.70,"213,812",2.70,2.80,2.60,0,0,0
06/03/2024,2.70,"155,806",2.70,2.80,2.70,0,0,0
05/03/2024,2.70,"173,422",2.70,2.80,2.70,0,0,0
04/03/2024,2.80,"416,944",2.80,2.80,2.70,0,0,0
01/03/2024,2.80,"124,629",2.80,2.80,2.70,0,0,0
29/02/2024,2.80,"309,118",2.90,2.90,2.70,0,0,0
28/02/2024,2.90,"173,110",2.90,2.90,2.70,0,0,0
27/02/2024,2.90,"132,347",2.90,2.90,2.70,0,0,0
26/02/2024,2.90,"200,700",2.90,2.90,2.80,0,0,0
23/02/2024,2.90,"328,002",3,3,2.80,0,0,0
22/02/2024,2.90,"828,871",2.80,3,2.70,0,0,0
21/02/2024,2.80,"146,317",2.70,2.80,2.70,0,0,0
20/02/2024,2.70,"83,200",2.80,2.80,2.70,0,0,0
19/02/2024,2.80,"301,200",2.80,2.80,2.70,0,0,0
16/02/2024,2.80,"19,426",2.70,2.80,2.70,0,0,0
15/02/2024,2.80,"66,500",2.70,2.80,2.70,0,0,0
07/02/2024,2.70,"126,200",2.70,2.80,2.60,0,0,0
06/02/2024,2.70,"265,421",2.70,2.80,2.60,0,0,0
05/02/2024,2.70,"203,810",2.80,2.80,2.70,0,0,0
02/02/2024,2.70,"91,102",2.70,2.80,2.70,0,0,0
01/02/2024,2.80,"136,000",2.80,2.80,2.70,0,0,0
31/01/2024,2.80,"285,600",2.80,2.90,2.80,0,0,0
30/01/2024,2.90,"133,600",2.90,2.90,2.80,0,0,0
29/01/2024,2.90,"190,387",2.90,2.90,2.80,0,0,0
26/01/2024,2.90,"137,680",2.90,2.90,2.80,0,0,0
25/01/2024,2.80,"53,797",2.90,2.90,2.80,0,0,0
24/01/2024,2.90,"276,400",2.90,2.90,2.80,0,0,0
23/01/2024,2.90,"111,321",2.80,2.90,2.70,0,0,0
22/01/2024,2.80,"126,602",2.80,2.90,2.70,0,0,0
19/01/2024,2.90,"186,879",2.70,2.90,2.70,0,0,0
18/01/2024,2.80,"116,943",2.80,2.80,2.70,0,0,0
17/01/2024,2.80,"155,810",2.80,2.90,2.70,0,0,0
16/01/2024,2.90,"110,400",2.80,2.90,2.70,0,0,0
15/01/2024,2.80,"189,780",2.70,2.90,2.70,0,0,0
12/01/2024,2.90,"454,101",2.90,2.90,2.80,0,0,0
11/01/2024,2.90,"123,260",2.90,3,2.80,0,0,0
10/01/2024,2.90,"282,000",2.90,3,2.80,0,0,0
09/01/2024,2.80,"142,600",2.90,2.90,2.80,0,0,0
08/01/2024,2.90,"158,390",2.90,2.90,2.80,0,0,0
05/01/2024,2.90,"51,335",2.90,2.90,2.80,0,0,0
04/01/2024,2.90,"302,500",2.90,3,2.80,0,0,0
03/01/2024,3,"170,600",2.90,3,2.80,0,0,0
02/01/2024,2.80,"88,696",2.90,3,2.80,0,0,0
29/12/2023,3,"227,332",2.90,3,2.80,0,0,0
28/12/2023,2.90,"118,500",2.80,2.90,2.80,0,0,0
27/12/2023,2.80,"187,914",2.90,3,2.80,"5,000",0,0.0
26/12/2023,2.90,"231,700",2.90,3,2.80,0,0,0
25/12/2023,2.90,"105,800",2.90,3,2.90,0,0,0
22/12/2023,2.90,"90,279",2.90,3,2.90,0,0,0
21/12/2023,3,"181,868",3,3,2.80,0,0,0
20/12/2023,3,"111,313",2.90,3,2.90,0,0,0
19/12/2023,2.90,"169,485",2.90,3,2.80,0,0,0
18/12/2023,2.80,"234,099",3,3,2.80,0,0,0
15/12/2023,3,"268,350",2.90,3,2.90,0,50,-0.0
14/12/2023,3,"172,410",3,3.10,2.90,0,0,0
13/12/2023,3,"776,189",3,3.10,2.90,0,0,0
12/12/2023,3,"747,800",2.90,3,2.90,0,0,0
11/12/2023,2.90,"254,686",2.90,3,2.80,0,0,0
08/12/2023,2.90,"268,500",2.90,3,2.80,0,0,0
07/12/2023,2.90,"371,405",2.90,3,2.90,0,0,0
06/12/2023,3,"135,804",3,3,2.90,0,0,0
05/12/2023,3,"273,800",3,3,2.90,"5,000",0,0.0
04/12/2023,2.90,"299,000",2.90,3,2.80,0,0,0
01/12/2023,2.90,"229,310",2.90,3,2.80,0,0,0
30/11/2023,3,"94,900",2.90,3,2.90,0,0,0
29/11/2023,3,"62,700",2.90,3,2.90,0,0,0
28/11/2023,2.90,"296,303",2.90,3,2.80,0,0,0
27/11/2023,2.90,"52,700",2.90,3,2.90,0,0,0
24/11/2023,2.90,"267,209",2.90,3,2.90,0,0,0
23/11/2023,3,"544,200",3,3.10,2.90,0,0,0
22/11/2023,3.10,"300,170",3,3.10,2.90,0,0,0
21/11/2023,3,"415,471",3.10,3.10,2.90,0,0,0
20/11/2023,3.10,"352,500",3,3.10,3,0,0,0
17/11/2023,3.10,"439,800",3.20,3.20,3,0,0,0
16/11/2023,3.20,"654,702",3.10,3.20,3,0,0,0
15/11/2023,3.10,"475,601",3,3.20,3,0,0,0
14/11/2023,3,"223,480",3,3.10,2.90,0,0,0
13/11/2023,3,"192,320",3,3.10,3,0,0,0
10/11/2023,3,"296,600",3.20,3.20,2.90,0,0,0
09/11/2023,3.20,"637,454",3,3.20,3,0,0,0
08/11/2023,3,"335,346",2.90,3.10,2.80,0,0,0
07/11/2023,2.90,"143,800",2.90,3,2.80,0,0,0
06/11/2023,2.90,"204,300",3,3,2.90,0,0,0
03/11/2023,3,"159,200",3.10,3.20,2.90,0,0,0
02/11/2023,3.10,"442,300",2.80,3.10,2.70,0,0,0
01/11/2023,2.80,"244,500",2.80,2.80,2.60,0,0,0
31/10/2023,2.80,"258,300",2.80,2.90,2.70,0,0,0
30/10/2023,2.80,"135,000",2.90,2.90,2.70,0,0,0
27/10/2023,2.90,"228,600",2.80,2.90,2.70,0,0,0
26/10/2023,2.80,"475,300",3.10,3.10,2.70,0,0,0
25/10/2023,3.10,"231,600",3.10,3.20,3.10,0,0,0
24/10/2023,3.10,"91,400",3.10,3.20,3,0,0,0
23/10/2023,3.10,"99,500",3.10,3.20,3,0,0,0
20/10/2023,3.10,"176,800",3,3.20,2.90,0,0,0
19/10/2023,3,"410,000",3.20,3.20,2.90,0,0,0
18/10/2023,3.20,"183,100",3.30,3.30,3.10,0,0,0
17/10/2023,3.30,"121,200",3.30,3.40,3.20,0,0,0
16/10/2023,3.30,"132,500",3.40,3.40,3.20,0,0,0
13/10/2023,3.40,"230,500",3.40,3.40,3.20,0,0,0
12/10/2023,3.40,"185,800",3.50,3.50,3.30,0,0,0
11/10/2023,3.50,"151,800",3.50,3.50,3.30,0,0,0
10/10/2023,3.50,"449,300",3.20,3.60,3.20,0,0,0
09/10/2023,3.20,"182,600",3.20,3.20,3.10,0,0,0
06/10/2023,3.20,"259,700",3.20,3.20,3.10,0,0,0
05/10/2023,3.20,"305,600",3.20,3.40,3.10,0,0,0
04/10/2023,3.20,"210,300",3.20,3.20,3,0,0,0
03/10/2023,3.20,"437,400",3.50,3.50,3.10,0,0,0
02/10/2023,3.50,"351,400",3.40,3.50,3.30,"5,000",0,0.0
29/09/2023,3.40,"295,200",3.40,3.60,3.40,0,0,0
28/09/2023,3.40,"430,400",3.40,3.50,3.30,0,0,0
27/09/2023,3.40,"561,800",3.40,3.60,3.20,0,0,0
26/09/2023,3.40,"901,000",3.70,3.80,3.40,0,0,0
25/09/2023,3.70,"609,300",3.80,3.90,3.60,0,0,0
22/09/2023,3.80,"808,400",4.10,4.10,3.70,0,0,0
21/09/2023,4.10,"404,500",4.10,4.10,3.90,0,0,0
20/09/2023,4.10,"292,500",4,4.10,3.90,0,0,0
19/09/2023,4,"635,700",4.10,4.10,3.90,0,0,0
18/09/2023,4.10,"354,700",4.10,4.10,3.90,0,0,0
15/09/2023,4.10,"474,100",4,4.10,3.90,"5,000",0,0.0
14/09/2023,4,"722,100",4.10,4.10,3.90,0,0,0
13/09/2023,4.10,"834,100",4.10,4.20,4,0,0,0
12/09/2023,4.10,"763,400",4.30,4.30,4.10,0,0,0
11/09/2023,4.30,"1,052,200",4.30,4.40,4.20,0,0,0
08/09/2023,4.30,"856,400",4.20,4.30,4.10,0,0,0
07/09/2023,4.20,"568,200",4.20,4.20,4.10,0,0,0
06/09/2023,4.20,"844,400",4.20,4.20,4,0,0,0
05/09/2023,4.20,"719,700",4.10,4.20,4,0,0,0
31/08/2023,4.10,"652,400",4.10,4.10,3.90,0,0,0
30/08/2023,4.10,"907,000",4.10,4.10,4,0,0,0
29/08/2023,4.10,"647,800",4,4.20,3.90,0,0,0
28/08/2023,4,"538,800",4,4.10,3.90,0,0,0
25/08/2023,4,"658,600",4.10,4.10,3.90,0,0,0
24/08/2023,4.10,"617,700",4,4.10,3.90,0,0,0
23/08/2023,4,"687,100",4,4.10,3.90,0,0,0
22/08/2023,4,"786,900",4,4,3.80,0,0,0
21/08/2023,4,"881,600",3.90,4,3.80,0,0,0
18/08/2023,3.90,"2,673,200",4.30,4.40,3.90,0,0,0
17/08/2023,4.30,"2,236,100",4.60,4.60,4.30,0,0,0
16/08/2023,4.60,"1,306,800",4.70,4.70,4.50,0,0,0
15/08/2023,4.70,"1,632,500",4.80,4.80,4.50,0,0,0
14/08/2023,4.80,"1,640,100",4.80,4.80,4.60,0,0,0
11/08/2023,4.80,"3,001,700",5,5,4.50,0,0,0
10/08/2023,5,"3,055,400",5.20,5.50,4.80,0,0,0
09/08/2023,5.20,"5,157,900",4.60,5.20,4.60,0,0,0
08/08/2023,4.60,"3,031,200",4.50,4.90,4.40,0,0,0
07/08/2023,4.50,"977,400",4.40,4.50,4.30,0,0,0
04/08/2023,4.40,"960,600",4.30,4.40,4.20,0,0,0
03/08/2023,4.30,"945,100",4.40,4.40,4.20,0,0,0
02/08/2023,4.40,"455,400",4.40,4.40,4.30,0,0,0
01/08/2023,4.40,"1,301,600",4.50,4.60,4.30,0,0,0
31/07/2023,4.50,"1,005,500",4.50,4.60,4.40,0,0,0
28/07/2023,4.50,"1,091,600",4.40,4.50,4.30,0,0,0
27/07/2023,4.40,"1,065,800",4.50,4.60,4.20,0,0,0
26/07/2023,4.50,"2,156,300",4.40,4.50,4.20,0,0,0
25/07/2023,4.40,"1,221,000",4.30,4.40,4.20,0,0,0
24/07/2023,4.30,"767,100",4.30,4.30,4.10,0,0,0
21/07/2023,4.30,"906,200",4.30,4.30,4.10,0,0,0
20/07/2023,4.30,"1,003,400",4.20,4.30,4.10,0,0,0
19/07/2023,4.20,"536,300",4.30,4.30,4.10,0,0,0
18/07/2023,4.30,"781,600",4.40,4.40,4.20,0,0,0
17/07/2023,4.40,"885,000",4.30,4.50,4.30,0,0,0
14/07/2023,4.30,"2,132,500",4.20,4.40,4.20,0,"56,400",-0.2
13/07/2023,4.20,"884,300",4.20,4.20,4.10,0,0,0
12/07/2023,4.20,"641,700",4.20,4.30,4.10,0,0,0
11/07/2023,4.20,"708,400",4.30,4.30,4.10,0,"53,900",-0.2
10/07/2023,4.30,"1,461,700",4.10,4.30,4.10,0,0,0
07/07/2023,4.10,"459,700",4.20,4.20,4,0,0,0
06/07/2023,4.20,"897,800",4.30,4.30,4,0,0,0
05/07/2023,4.30,"701,393",4.20,4.50,4.10,0,0,0
04/07/2023,4.20,"596,314",4.10,4.20,4,0,0,0
03/07/2023,4.10,"475,407",4.10,4.20,4,0,0,0
30/06/2023,4.10,"654,478",4.10,4.20,4,0,0,0
29/06/2023,4.10,"1,330,977",4,4.20,3.90,0,0,0
28/06/2023,4,"790,120",4.10,4.10,3.90,0,0,0
27/06/2023,4.10,"271,800",4.10,4.20,4,0,400,-0.0
26/06/2023,4.10,"1,947,296",4.30,4.30,3.90,100,0,0.0
23/06/2023,4.30,"950,100",4.30,4.30,4.10,300,0,0.0
22/06/2023,4.30,"1,065,822",4.30,4.40,4.10,0,0,0
21/06/2023,4.30,"727,402",4.20,4.40,4.10,0,0,0
20/06/2023,4.20,"810,081",4,4.30,3.90,0,0,0
19/06/2023,4,"2,008,243",4.40,4.50,3.90,0,0,0
16/06/2023,4.40,"1,676,440",4.30,4.60,4.20,0,0,0
15/06/2023,4.30,"2,273,001",4.50,4.60,4.20,0,0,0
14/06/2023,4.50,"4,384,767",4.40,5,4.40,0,0,0
13/06/2023,4.40,"4,111,116",3.90,4.40,3.90,0,0,0
12/06/2023,3.90,"1,006,408",3.90,4,3.70,0,0,0
09/06/2023,3.90,"1,214,645",3.80,3.90,3.70,0,0,0
08/06/2023,3.80,"2,602,835",4,4.10,3.80,0,0,0
07/06/2023,4,"2,083,001",3.80,4,3.80,0,0,0
06/06/2023,3.80,"1,378,554",3.70,3.90,3.60,0,0,0
05/06/2023,3.70,"1,641,142",3.90,4,3.70,0,0,0
02/06/2023,3.90,"2,280,496",4.10,4.20,3.70,0,0,0
01/06/2023,4.10,"2,326,290",3.90,4.10,3.80,0,0,0
31/05/2023,3.90,"4,367,750",3.50,4,3.30,0,0,0
30/05/2023,3.50,"1,618,619",3.50,3.70,3.40,0,0,0
29/05/2023,3.50,"495,552",3.40,3.60,3.40,0,0,0
26/05/2023,3.40,"1,834,427",3.10,3.50,3.10,0,0,0
25/05/2023,3.10,"604,300",3.20,3.30,3.10,0,0,0
24/05/2023,3.20,"795,200",3.20,3.30,3.10,0,0,0
23/05/2023,3.20,"908,455",3.30,3.40,3.20,0,"10,000",-0.0
22/05/2023,3.30,"608,743",3.20,3.40,3.20,0,0,0
19/05/2023,3.20,"2,699,479",3.50,3.50,3.20,0,0,0
18/05/2023,3.50,"3,183,533",3.50,3.90,3.40,0,0,0
17/05/2023,3.50,"2,247,586",3.20,3.50,3.10,0,0,0
16/05/2023,3.20,"830,506",3.10,3.20,3,0,0,0
15/05/2023,3.10,"828,248",3.10,3.20,3,0,0,0
12/05/2023,3.10,"905,458",3.20,3.20,3,0,0,0
11/05/2023,3.20,"1,129,605",3.10,3.20,3,0,100,-0.0
10/05/2023,3.10,"781,100",2.90,3.10,2.90,0,0,0
09/05/2023,2.90,"537,405",2.90,3.10,2.90,0,0,0
08/05/2023,2.90,"304,410",3,3,2.90,0,0,0
05/05/2023,3,"511,474",2.90,3,2.80,"10,000",0,0.0
04/05/2023,2.90,"464,924",3,3,2.80,0,0,0
28/04/2023,3,"223,710",3,3.10,2.90,0,0,0
27/04/2023,3,"500,400",3.10,3.10,2.90,0,0,0
26/04/2023,3.10,"449,169",3,3.10,2.90,0,0,0
25/04/2023,3,"1,488,333",2.80,3.20,2.80,0,0,0
24/04/2023,2.80,"554,025",2.90,3,2.80,0,0,0
21/04/2023,2.90,"431,000",3,3.10,2.90,0,0,0
20/04/2023,3,"307,334",3,3.10,3,0,0,0
19/04/2023,3,"367,538",3.10,3.10,3,100,0,0.0
18/04/2023,3.10,"608,792",3,3.10,2.90,0,0,0
17/04/2023,3,"970,406",3.10,3.10,2.90,0,0,0
14/04/2023,3.10,"913,581",3.20,3.20,3,0,0,0
13/04/2023,3.20,"551,645",3.20,3.30,3.10,0,0,0
12/04/2023,3.20,"882,933",3.30,3.30,3.10,0,0,0
11/04/2023,3.30,"581,385",3.30,3.30,3.10,0,0,0
10/04/2023,3.30,"935,090",3.20,3.30,3.10,0,0,0
07/04/2023,3.20,"1,045,200",3.40,3.40,3.10,0,0,0
06/04/2023,3.40,"1,623,680",3.50,3.60,3.30,0,0,0
05/04/2023,3.50,"2,599,865",3.20,3.60,3,0,0,0
04/04/2023,3.20,"1,803,633",3.30,3.40,3.10,0,0,0
03/04/2023,3.30,"1,417,671",3.40,3.40,3.20,0,0,0
31/03/2023,3.40,"1,733,864",3.50,3.50,3.20,0,0,0
30/03/2023,3.50,"3,886,964",3.70,4.10,3.30,0,0,0
29/03/2023,3.70,"3,888,821",3.40,3.70,3.50,0,0,0
28/03/2023,3.40,"3,693,366",3.10,3.40,2.90,0,0,0
27/03/2023,3.10,"4,130,480",3.20,3.20,2.80,0,0,0
24/03/2023,3.20,"3,984,125",3.70,3.70,3,0,0,0
23/03/2023,3.70,"1,069,268",3.70,3.90,3.50,0,0,0
22/03/2023,3.70,"3,721,858",3.80,4,3.60,0,0,0
21/03/2023,3.80,"2,696,874",4,4.10,3.70,0,0,0
20/03/2023,4,"2,283,701",4.10,4.20,3.80,0,0,0
17/03/2023,4.10,"2,043,581",4.10,4.20,3.90,0,0,0
16/03/2023,4.10,"1,974,704",4.20,4.30,3.90,0,0,0
15/03/2023,4.20,"1,754,850",4.10,4.30,4.10,0,0,0
14/03/2023,4.10,"2,181,133",4.20,4.30,3.90,0,0,0
13/03/2023,4.20,"2,619,797",4.40,4.40,4,0,0,0
10/03/2023,4.40,"2,324,260",4.50,4.60,4.30,0,0,0
09/03/2023,4.50,"2,269,900",4.50,4.60,4.40,0,0,0
08/03/2023,4.50,"2,193,913",4.40,4.60,4.30,0,0,0
07/03/2023,4.40,"1,864,291",4.40,4.50,4.30,0,0,0
06/03/2023,4.40,"1,593,100",4.50,4.70,4.30,0,0,0
03/03/2023,4.50,"2,268,550",5,5.10,4.40,0,0,0
02/03/2023,5,"1,497,224",5.20,5.30,4.90,0,0,0
01/03/2023,5.20,"2,098,701",5.30,5.40,5,0,0,0
28/02/2023,5.30,"2,122,300",5.30,5.50,5.10,0,0,0
27/02/2023,5.30,"2,418,325",5.60,5.60,5.10,0,0,0
24/02/2023,5.60,"2,187,163",5.70,5.80,5.50,0,0,0
23/02/2023,5.70,"2,280,401",5.70,5.90,5.50,0,0,0
22/02/2023,5.70,"2,124,097",5.80,5.90,5.50,0,0,0
21/02/2023,5.80,"2,680,105",5.70,5.80,5.60,0,0,0
20/02/2023,5.70,"2,483,920",5.50,5.70,5.50,0,0,0
16/02/2023,5.50,"523,335",5.40,5.60,5.40,0,0,0
15/02/2023,5.40,"644,647",5.60,5.60,5.40,0,0,0
14/02/2023,5.60,"769,232",5.50,5.70,5.40,0,0,0
13/02/2023,5.50,"350,500",5.60,5.70,5.30,0,0,0
10/02/2023,5.60,"1,115,979",5.70,5.80,5.40,0,0,0
09/02/2023,5.70,"891,400",5.80,6,5.40,0,0,0
08/02/2023,5.80,"1,279,900",5.50,5.90,5.50,0,0,0
07/02/2023,5.50,"685,100",5.80,5.90,5.40,0,0,0
06/02/2023,5.80,"632,100",5.90,5.90,5.50,0,0,0
03/02/2023,5.90,"520,301",5.90,6.10,5.60,0,0,0
02/02/2023,5.90,"457,200",6.10,6.20,5.70,0,0,0
01/02/2023,6.10,"955,709",6.30,6.40,5.80,0,0,0
31/01/2023,6.30,"1,055,100",6,6.50,5.90,0,0,0
30/01/2023,6,"299,400",6.10,6.10,5.80,0,0,0
27/01/2023,6.10,"397,200",6,6.10,5.90,0,0,0
19/01/2023,6,"483,200",5.90,6,5.70,0,0,0
18/01/2023,5.90,"295,800",5.90,6,5.60,0,0,0
17/01/2023,5.90,"506,900",5.60,6,5.40,0,0,0
16/01/2023,5.60,"762,663",6.10,6.40,5.40,0,0,0
13/01/2023,6.10,"445,943",6.30,6.50,6,0,0,0
12/01/2023,6.30,"1,469,164",5.60,6.30,5.60,0,0,0
11/01/2023,5.60,"618,300",5.40,5.70,5.30,0,0,0
10/01/2023,5.40,"213,200",5.40,5.50,5.20,0,0,0
09/01/2023,5.40,"252,509",5.40,5.50,5.30,0,0,0
06/01/2023,5.40,"139,213",5.60,5.60,5.30,0,0,0
05/01/2023,5.60,"422,800",5.70,5.80,5.50,0,0,0
04/01/2023,5.70,"532,210",5.80,6,5.60,0,0,0
03/01/2023,5.80,"548,300",5.60,5.80,5.40,0,0,0
30/12/2022,5.60,"745,863",5.30,5.90,5.30,0,0,0
29/12/2022,5.30,"119,601",5.30,5.30,5.20,0,0,0
28/12/2022,5.30,"189,034",5.30,5.40,5.10,0,0,0
27/12/2022,5.30,"117,006",5.20,5.40,5.10,0,0,0
26/12/2022,5.20,"248,050",5.40,5.60,5.10,0,0,0
23/12/2022,5.40,"192,501",5.60,5.60,5.20,0,0,0
22/12/2022,5.60,"618,632",5.20,5.80,5.10,11,0,0.0
21/12/2022,5.20,"433,700",5.20,5.30,5,0,0,0
20/12/2022,5.20,"374,300",5.60,5.60,5,0,0,0
19/12/2022,5.60,"268,456",5.60,5.60,5.40,0,0,0
16/12/2022,5.60,"293,648",5.60,5.70,5.40,0,0,0
15/12/2022,5.60,"452,554",5.70,5.90,5.50,0,0,0
14/12/2022,5.70,"631,204",5.80,5.90,5.50,0,0,0
13/12/2022,5.80,"564,412",6,6.10,5.60,0,0,0
12/12/2022,6,"394,439",6.10,6.20,5.70,0,0,0
09/12/2022,6.10,"248,666",6.10,6.20,5.90,0,0,0
08/12/2022,6.10,"258,400",5.90,6.40,5.80,0,0,0
07/12/2022,5.90,"995,500",6,6.20,5.50,0,0,0
06/12/2022,6,"960,517",6.50,6.80,5.80,0,0,0
05/12/2022,6.50,"1,368,265",7.30,7.50,6.30,0,0,0
02/12/2022,7.30,"879,000",7.50,7.70,6.90,0,0,0
01/12/2022,7.50,"1,626,633",6.70,7.50,6.60,0,0,0
30/11/2022,6.70,"484,200",6.70,6.90,6.50,0,0,0
29/11/2022,6.70,"611,238",6.40,6.90,6.20,0,0,0
28/11/2022,6.40,"290,300",6.30,6.50,6.20,0,0,0
25/11/2022,6.30,"167,000",6.20,6.60,6.20,0,0,0
24/11/2022,6.20,"136,400",6.70,6.80,6.10,0,0,0
23/11/2022,6.70,"170,300",6.90,7,6.50,0,0,0
22/11/2022,6.90,"487,660",6.10,7,6,0,0,0
21/11/2022,6.10,"173,840",6.10,6.20,5.90,0,0,0
18/11/2022,6.10,"84,110",6.20,6.40,5.90,0,0,0
17/11/2022,6.20,"371,522",6.20,6.40,6,0,0,0
16/11/2022,6.20,"407,156",6,6.30,5.30,0,0,0
15/11/2022,6,"251,140",6.10,6.40,5.70,0,0,0
14/11/2022,6.10,"424,400",6.40,6.70,5.80,0,0,0
11/11/2022,6.40,"424,000",6.30,6.70,6.30,0,0,0
10/11/2022,6.30,"177,036",6.80,6.80,6,0,0,0
09/11/2022,6.80,"389,600",6.60,7.10,6.40,0,0,0
08/11/2022,6.60,"99,100",6.50,6.80,6.30,0,0,0
07/11/2022,6.50,"259,800",6.50,6.90,6.30,0,0,0
04/11/2022,6.50,"189,600",6.90,6.90,6.30,0,100,-0.0
03/11/2022,6.90,"271,200",6.70,7.20,6.60,0,0,0
02/11/2022,6.70,"107,000",6.90,6.90,6.40,0,0,0
01/11/2022,6.90,"132,900",6.90,7.10,6.70,0,0,0
31/10/2022,6.90,"95,000",7,7.40,6.60,0,0,0
28/10/2022,7,"125,139",7.20,7.40,6.80,0,0,0
27/10/2022,7.20,"105,950",6.70,7.20,6.40,0,0,0
26/10/2022,6.70,"136,900",6.50,6.80,6.20,0,0,0
25/10/2022,6.50,"219,900",6.80,6.90,6.20,0,0,0
24/10/2022,6.80,"207,761",7.20,7.70,6.70,0,0,0
21/10/2022,7.20,"773,300",7.80,8.30,6.90,0,0,0
20/10/2022,7.80,"779,160",7.30,8.50,7.20,0,0,0
19/10/2022,7.30,"222,603",7.90,8,7.30,0,0,0
18/10/2022,7.90,"789,919",8.80,8.90,7.70,0,0,0
17/10/2022,8.80,"486,230",8.80,9.50,8.50,0,0,0
14/10/2022,8.80,"297,587",7.80,8.80,8.40,0,0,0
13/10/2022,7.80,"277,243",7.20,7.80,7.10,0,0,0
12/10/2022,7.20,"139,600",6.30,7.20,6.20,0,0,0
11/10/2022,6.30,"156,800",6.30,6.60,6,0,0,0
10/10/2022,6.30,"156,400",6.20,6.40,5.70,0,0,0
07/10/2022,6.20,"311,000",6.50,6.50,6.10,0,0,0
06/10/2022,6.50,"730,700",7,7.20,6.30,0,0,0
05/10/2022,7,"718,661",7.10,7.40,6.40,0,0,0
04/10/2022,7.10,"809,705",7.50,8,7.10,0,0,0
03/10/2022,7.50,"626,136",8,8.40,7.30,0,0,0
30/09/2022,8,"252,690",8.20,8.50,7.60,0,0,0
29/09/2022,8.20,"737,718",8.80,9.20,8,0,0,0
28/09/2022,8.80,"708,435",9.30,9.60,8.50,0,0,0
27/09/2022,9.30,"648,200",9.50,9.80,8.70,0,0,0
26/09/2022,9.50,"879,800",8.90,10.20,8.70,0,0,0
23/09/2022,8.90,"234,400",9.50,9.50,8.80,0,0,0
22/09/2022,9.50,"545,051",9.80,9.90,9.20,0,0,0
21/09/2022,9.80,"686,008",10.20,10.30,9.60,0,0,0
20/09/2022,10.20,"588,100",10.20,10.50,9.80,0,0,0
19/09/2022,10.20,"604,681",10.40,10.80,9.80,0,0,0
16/09/2022,10.40,"694,935",10.50,10.60,10,0,0,0
15/09/2022,10.50,"618,360",10.30,10.60,10.10,0,0,0
14/09/2022,10.30,"676,402",10.40,10.70,9.90,0,0,0
13/09/2022,10.40,"686,950",10.80,11,10,0,0,0
12/09/2022,10.80,"645,745",10.60,11.20,10.20,0,0,0
09/09/2022,10.60,"363,401",11,11.30,10.20,0,0,0
08/09/2022,11,"149,900",11,11.50,10.50,0,0,0
07/09/2022,11,"123,900",11.50,11.70,10.40,0,0,0
06/09/2022,11.50,"266,700",11,12.20,10.80,0,0,0
05/09/2022,11,"140,823",11,11.20,10.20,0,0,0
31/08/2022,11,"913,800",11.80,12.10,10.60,0,0,0
30/08/2022,11.80,"904,800",12,12.90,11,0,0,0
29/08/2022,12,"831,903",12.90,13.30,11.50,0,0,0
26/08/2022,12.90,"884,400",14,14.70,11.90,0,0,0
25/08/2022,14,"902,700",12.90,14.60,12,0,0,0
24/08/2022,12.90,"1,204,707",13,13,11.70,0,0,0
23/08/2022,13,"1,008,200",12.50,13.10,11.50,0,"10,500",-0.1
22/08/2022,12.50,"615,010",12.80,13.90,12.10,0,"15,500",-0.2
19/08/2022,12.80,"664,902",13.70,14.70,12.60,0,0,0
18/08/2022,13.70,"724,558",14.60,15.70,13.20,0,0,0
17/08/2022,14.60,"632,402",15.60,16.10,13.70,0,0,0
16/08/2022,15.60,"713,967",15.90,16.20,14.20,0,0,0
15/08/2022,15.90,"716,200",15.90,16.70,14.30,0,0,0
12/08/2022,15.90,"733,900",15.90,16.90,15,0,0,0
11/08/2022,15.90,"1,185,200",14.90,16.90,13.90,0,0,0
10/08/2022,14.90,"682,244",16,16.40,14.20,0,0,0
09/08/2022,16,"460,150",16.30,17,15.40,0,0,0
08/08/2022,16.30,"469,645",16.50,17.40,15.50,0,0,0
05/08/2022,16.50,"523,662",16.70,17.60,15.90,0,0,0
04/08/2022,16.70,"571,016",16.20,18,16.20,0,0,0
03/08/2022,16.20,"229,113",16,16.60,15.50,0,400,-0.0
02/08/2022,16,"582,000",16.70,16.90,15.50,0,0,0
01/08/2022,16.70,"348,600",16.20,16.90,16.20,0,0,0
29/07/2022,16.20,"485,300",16.20,16.30,16,0,0,0
28/07/2022,16.20,"847,108",16.20,16.50,13.80,0,0,0
27/07/2022,16.20,"325,903",16.20,16.20,16,"8,500",0,0.1
26/07/2022,16.20,"353,808",16.10,16.30,15.90,"17,500",0,0.3
25/07/2022,16.10,"449,177",16.50,16.50,16,0,600,-0.0
22/07/2022,16.50,"298,561",15.20,16.60,15.10,0,0,0
21/07/2022,15.20,"325,900",15.30,15.60,12.80,0,0,0
20/07/2022,15.30,"407,422",13.70,15.50,13.50,400,0,0.0
19/07/2022,13.70,"536,100",12.50,14.30,12.40,100,0,0.0
18/07/2022,12.50,"562,700",12.70,12.90,12.50,0,0,0
15/07/2022,12.70,"736,513",13.80,13.80,12.50,0,0,0
14/07/2022,13.80,"708,353",12.40,14.10,12.50,100,0,0.0
13/07/2022,12.40,"452,447",12.50,12.60,12.10,0,0,0
12/07/2022,12.50,"621,800",11.80,13,11.90,0,0,0
11/07/2022,11.80,"1,089,210",11.50,13.10,11.40,0,0,0
08/07/2022,11.50,"552,450",11.50,12,11.40,0,0,0
07/07/2022,11.50,"370,420",11.30,12,11,0,0,0
06/07/2022,11.30,"1,427,919",10.40,11.90,10.40,0,0,0
05/07/2022,10.40,"341,001",10.10,10.70,10.20,0,0,0
04/07/2022,10.10,"487,670",10,10.50,10,0,0,0
01/07/2022,10,"547,200",10,10.20,10,0,0,0
30/06/2022,10,"187,600",9.90,10.20,10,0,0,0
29/06/2022,9.90,"952,200",10.10,10.40,9.80,0,0,0
28/06/2022,10.10,"925,700",9.80,10.30,9.60,0,0,0
27/06/2022,9.80,"748,700",9.40,9.90,9.30,400,0,0.0
24/06/2022,9.40,"1,185,800",8.90,9.60,8.90,0,0,0
23/06/2022,8.90,"478,900",8.50,9.20,8.40,0,0,0
22/06/2022,8.50,"217,430",8.40,8.70,8.30,0,0,0
21/06/2022,8.40,"242,903",8.30,8.50,8.20,0,0,0
20/06/2022,8.30,"710,200",8.40,8.40,8.10,0,0,0
17/06/2022,8.40,"850,500",8.30,8.40,8.10,0,0,0
16/06/2022,8.30,"568,700",8.30,8.40,8,0,"15,500",-0.1
15/06/2022,8.30,"491,018",8.10,8.40,7.80,0,0,0
14/06/2022,8.10,"945,900",7.90,8.20,7.40,0,0,0
13/06/2022,7.90,"721,400",7.90,8,7.60,0,0,0
10/06/2022,7.90,"533,400",7.60,8.10,7.50,0,0,0
09/06/2022,7.60,"355,700",7.40,7.80,7.40,"3,000",0,0.0
08/06/2022,7.40,"223,200",7.40,7.70,7.30,0,0,0
07/06/2022,7.40,"380,919",7.30,7.60,7.20,0,0,0
06/06/2022,7.30,"264,244",7.20,7.40,7.10,0,800,-0.0
03/06/2022,7.20,"377,239",7.20,7.30,6.90,0,0,0
02/06/2022,7.20,"247,600",7.10,7.30,6.90,0,0,0
01/06/2022,7.10,"99,491",7.50,7.50,7,0,0,0
31/05/2022,7.50,"898,677",7.50,7.70,7.10,"2,000",0,0.0
30/05/2022,7.50,"776,648",7.60,8.10,7.20,0,0,0
27/05/2022,7.60,"1,621,597",7.20,8.10,7.10,"2,000",0,0.0
26/05/2022,7.20,"3,270,077",6.30,7.20,6,0,0,0
25/05/2022,6.30,"1,891,461",6.40,6.80,5.90,0,0,0
24/05/2022,6.40,"1,462,570",6.80,7.30,6.40,0,0,0
23/05/2022,6.80,"1,517,602",7.70,7.80,6.70,0,0,0
20/05/2022,7.70,0,7.70,7.70,7.70,0,0,0
19/05/2022,7.70,0,7.70,7.70,7.70,0,0,0
18/05/2022,7.70,0,6.90,7.70,7.70,0,0,0
17/05/2022,6.90,"1,609,507",7.80,8.10,6.90,0,0,0
16/05/2022,7.80,"1,074,720",7.70,8.20,7.40,0,0,0
13/05/2022,7.70,"387,700",8.10,8.20,7.30,0,0,0
12/05/2022,8.10,"1,103,900",8.20,8.30,7.90,0,0,0
11/05/2022,8.20,"990,800",8,8.20,7.80,0,0,0
10/05/2022,8,"851,400",7.80,8.10,7.60,0,0,0
09/05/2022,7.80,"642,100",8.40,8.40,7.70,0,200,-0.0
06/05/2022,8.40,"858,810",8.60,8.60,8.10,0,0,0
05/05/2022,8.60,"1,345,900",8.60,8.70,8.20,"2,000",0,0.0
04/05/2022,8.60,"952,700",8.60,8.80,8.40,0,0,0
29/04/2022,8.60,"1,127,800",8.70,8.90,8.40,0,0,0
28/04/2022,8.70,"1,183,090",8.60,8.80,8.40,"5,000",0,0.0
27/04/2022,8.60,"1,870,350",8.20,8.80,8.10,"1,500",0,0.0
26/04/2022,8.20,"876,500",7.90,8.30,7.80,0,200,-0.0
25/04/2022,7.90,"1,170,797",8.30,8.40,7.80,0,"1,600",-0.0
22/04/2022,8.30,"1,291,200",8,8.50,7.80,0,"4,400",-0.0
21/04/2022,8,"1,358,200",8.40,8.70,7.60,0,0,0
20/04/2022,8.40,"1,430,500",8.60,8.90,8.20,0,0,0
19/04/2022,8.60,"981,500",8.80,9,8.40,0,0,0
18/04/2022,8.80,"991,400",9,9.10,8.70,0,0,0
15/04/2022,9,"264,800",9.10,9.10,8.80,0,0,0
14/04/2022,9.10,"1,167,400",9,9.20,8.90,0,0,0
13/04/2022,9,"1,018,017",8.90,9.20,8.80,0,0,0
12/04/2022,8.90,"720,563",9.10,9.20,8.80,0,"3,300",-0.0
08/04/2022,9.10,"1,371,444",9.20,9.40,9,0,0,0
07/04/2022,9.20,"387,769",9.30,9.30,9,0,0,0
06/04/2022,9.30,"941,710",9.30,9.40,9.10,0,0,0
05/04/2022,9.30,"2,652,200",9.10,9.40,9,0,0,0
04/04/2022,9.10,"723,211",9.10,9.20,9,0,0,0
01/04/2022,9.10,"827,409",9,9.10,8.70,0,0,0
31/03/2022,9,"489,200",9.10,9.10,8.90,0,0,0
30/03/2022,9.10,"1,040,604",9.30,9.30,8.90,0,"6,000",-0.1
29/03/2022,9.30,"749,643",9.20,9.30,9,0,0,0
28/03/2022,9.20,"1,764,057",9.50,9.60,9,0,0,0
25/03/2022,9.50,"1,606,272",9.50,9.60,9.30,0,0,0
24/03/2022,9.50,"1,984,900",9.70,9.80,9.20,0,0,0
23/03/2022,9.70,"1,416,200",9.70,9.90,9.50,0,0,0
22/03/2022,9.70,"2,015,202",9.70,9.90,9.50,0,0,0
21/03/2022,9.70,"5,681,172",9.10,9.80,9.10,"6,000",0,0.1
18/03/2022,9.10,"610,055",9,9.10,8.90,0,0,0
17/03/2022,9,"761,750",9,9.10,8.90,0,0,0
16/03/2022,9,"426,500",9.10,9.10,8.90,0,0,0
15/03/2022,9.10,"663,509",9,9.10,8.80,0,0,0
14/03/2022,9,"715,800",9,9,8.70,0,0,0
11/03/2022,9,"576,000",9,9.10,8.80,0,0,0
10/03/2022,9,"909,414",8.90,9.10,8.70,0,0,0
09/03/2022,8.90,"515,857",9,9.10,8.80,0,100,-0.0
08/03/2022,9,"1,888,760",9.20,9.30,8.80,0,0,0
07/03/2022,9.20,"2,012,406",9.20,9.50,9,0,0,0
04/03/2022,9.20,"1,778,550",9.20,9.50,9,0,"2,000",-0.0
03/03/2022,9.20,"1,528,359",9.10,9.40,9,0,0,0
02/03/2022,9.10,"2,726,460",8.80,9.60,8.70,100,0,0.0
01/03/2022,8.80,"605,055",8.80,8.90,8.60,0,0,0
28/02/2022,8.80,"1,442,000",8.90,8.90,8.70,0,0,0
25/02/2022,8.90,"923,800",8.90,8.90,8.70,0,0,0
24/02/2022,8.90,"1,849,012",9.10,9.10,8.60,0,0,0
23/02/2022,9.10,"1,874,000",9,9.10,8.80,0,0,0
22/02/2022,9,"1,026,000",9.10,9.10,8.80,0,"5,000",-0.0
21/02/2022,9.10,"1,191,700",9.10,9.10,8.90,0,0,0
18/02/2022,9.10,"1,285,100",9,9.20,8.90,0,"1,000",-0.0
17/02/2022,9,"957,525",9,9.10,8.80,0,0,0
16/02/2022,9,"1,719,312",9.10,9.20,8.90,"5,000",0,0.0
15/02/2022,9.10,"987,910",9.20,9.20,8.80,0,0,0
14/02/2022,9.20,"1,434,925",9.20,9.40,8.90,0,"1,000",-0.0
11/02/2022,9.20,"1,373,513",9.20,9.30,8.90,0,"1,000",-0.0
10/02/2022,9.20,"2,076,000",9.10,9.20,8.90,0,0,0
09/02/2022,9.10,"1,099,310",9.20,9.40,8.90,0,0,0
08/02/2022,9.20,"958,595",9.30,9.40,9,0,0,0
07/02/2022,9.30,"1,139,029",9,9.30,8.90,0,0,0
28/01/2022,9,"2,135,300",8.60,9.10,8.30,0,0,0
27/01/2022,8.60,"959,800",8.70,8.80,8.40,0,0,0
26/01/2022,8.70,"805,700",8.70,8.90,8.50,0,0,0
25/01/2022,8.70,"1,049,030",8.70,9.10,8.40,0,0,0
24/01/2022,8.70,"1,158,407",9.10,9.40,8.50,0,0,0
21/01/2022,9.10,"962,078",9,9.20,8.90,0,0,0
20/01/2022,9,"979,100",8.60,9,8.50,0,0,0
19/01/2022,8.60,"888,006",8.70,9,8.40,0,0,0
18/01/2022,8.70,"864,700",8.90,9.40,8.50,0,"1,800",-0.0
17/01/2022,8.90,"1,102,011",9.40,9.70,8.60,0,0,0
14/01/2022,9.40,"1,321,360",9.40,9.90,8,0,0,0
13/01/2022,9.40,"1,905,748",9.90,9.90,9.10,0,0,0
12/01/2022,9.90,"1,840,599",10,10,9.30,0,0,0
11/01/2022,10,"1,768,662",10.60,10.60,9.90,0,"8,000",-0.1
10/01/2022,10.60,"4,328,475",9.80,10.90,9.50,0,"1,000",-0.0
07/01/2022,9.80,"1,251,840",9.70,9.80,9.20,0,0,0
06/01/2022,9.70,"1,926,305",9.40,9.80,9,"1,000",0,0.0
05/01/2022,9.40,"970,200",9.30,9.50,9.20,0,0,0
04/01/2022,9.30,"1,245,900",9.40,9.50,9,0,0,0
31/12/2021,9.40,"2,804,851",9.90,10.20,9.20,"2,000",0,0.0
30/12/2021,9.90,"1,247,749",10.30,10.60,9.80,0,0,0
29/12/2021,10.30,"1,417,600",10.30,10.70,10.10,0,"2,000",-0.0
28/12/2021,10.30,"3,884,050",9.80,10.50,9.70,0,500,-0.0
27/12/2021,9.80,"1,276,552",9.80,9.90,9.50,0,0,0
24/12/2021,9.80,"1,638,096",9.90,10,9.60,"1,000",0,0.0
23/12/2021,9.90,"3,444,122",9.80,10.10,9.50,"5,000","1,000",0.0
22/12/2021,9.80,"2,402,473",9.30,9.90,9.20,0,0,0
21/12/2021,9.30,"888,337",9.20,9.30,9,0,0,0
20/12/2021,9.20,"1,461,623",9.30,9.40,8.90,0,0,0
17/12/2021,9.30,"2,364,647",9.50,9.60,9.10,0,0,0
16/12/2021,9.50,"1,312,700",9.70,9.90,9.30,0,0,0
15/12/2021,9.70,"1,426,000",9.60,10.20,9.40,0,0,0
14/12/2021,9.60,"3,658,554",9,10.20,8.90,0,0,0
13/12/2021,9,"2,942,261",8.80,9.10,8.70,0,0,0
10/12/2021,8.80,"1,724,601",8.90,8.90,8.60,0,0,0
09/12/2021,8.90,"1,833,003",8.80,9,8.70,0,0,0
08/12/2021,8.80,"570,359",8.80,8.90,8.60,0,500,-0.0
07/12/2021,8.80,"1,228,160",8.70,9,8.40,0,"15,600",-0.1
06/12/2021,8.70,"1,021,210",8.80,8.80,8.30,0,0,0
03/12/2021,8.80,"1,141,673",9,9.20,8.60,0,0,0
02/12/2021,9,"4,934,280",8.50,9.30,8.40,"15,600",0,0.1
01/12/2021,8.50,"1,719,050",8.40,8.60,8.20,0,0,0
30/11/2021,8.40,"1,561,230",8.40,8.70,8.20,0,0,0
29/11/2021,8.40,"1,438,000",8.60,8.70,8.20,0,0,0
26/11/2021,8.60,"1,523,900",8.80,8.90,8.40,0,0,0
25/11/2021,8.80,"1,132,886",8.70,9,8.60,0,0,0
24/11/2021,8.70,"692,266",8.60,9,8.40,0,0,0
23/11/2021,8.60,"882,671",8.70,8.70,8.20,0,0,0
22/11/2021,8.70,"1,050,019",9,9.30,8.60,0,0,0
19/11/2021,9,"3,462,958",8.60,9.60,8.50,0,500,-0.0
18/11/2021,8.60,"1,925,170",8.40,8.80,8.20,0,0,0
17/11/2021,8.40,"1,261,370",8.50,8.60,8.20,0,0,0
16/11/2021,8.50,"937,349",8.90,9,8.50,0,0,0
15/11/2021,8.90,"3,271,670",8.20,9.10,8.20,0,100,-0.0
12/11/2021,8.20,"1,090,250",7.90,8.50,7.90,0,0,0
11/11/2021,7.90,"798,200",8,8.10,7.90,0,0,0
10/11/2021,8,"959,687",8.30,8.30,7.70,100,0,0.0
09/11/2021,8.30,"1,769,400",8.10,9.30,8,0,"2,300",-0.0
08/11/2021,8.10,"516,300",7.90,8.10,8.10,0,200,-0.0
05/11/2021,7.90,"2,821,594",6.80,7.90,6.60,0,"3,300",-0.0
04/11/2021,6.80,"1,185,854",7.20,7.30,6.80,0,0,0
03/11/2021,7.20,"1,799,750",7.50,7.60,7.20,"4,500",100,0.0
02/11/2021,7.50,"1,450,751",7.90,7.90,7.50,"4,300",0,0.0
01/11/2021,7.90,"1,160,446",8.10,8.40,7.80,"2,000",0,0.0
29/10/2021,8.10,"2,399,820",8.40,8.50,8,700,0,0.0
28/10/2021,8.40,"2,031,800",8.40,8.50,8.20,0,0,0
27/10/2021,8.40,"1,898,500",8.60,8.60,7.70,800,0,0.0
26/10/2021,8.60,"1,480,500",8.70,8.70,8.40,100,0,0.0
25/10/2021,8.70,"1,319,600",8.70,8.80,8.50,500,0,0.0
22/10/2021,8.70,"1,983,700",8.70,8.80,8.50,0,"5,400",-0.0
21/10/2021,8.70,"447,300",8.80,8.80,8.50,0,0,0
20/10/2021,8.80,"1,069,500",8.80,8.90,8.60,0,0,0
19/10/2021,8.80,"2,076,700",8.80,9,8.60,300,0,0.0
18/10/2021,8.80,"2,331,200",8.80,9,8.50,0,0,0
15/10/2021,8.80,"1,597,200",8.80,9,8.60,"6,600",0,0.1
14/10/2021,8.80,"1,598,000",8.80,8.80,8.50,0,0,0
13/10/2021,8.80,"771,800",8.90,9,8.60,0,0,0
12/10/2021,8.90,"1,600,400",8.90,9.20,8.60,"1,000",0,0.0
11/10/2021,8.90,"1,321,000",9.10,9.30,8.70,"1,000",0,0.0
08/10/2021,9.10,"992,700",9.20,9.40,9,0,0,0
07/10/2021,9.20,"1,470,324",9.10,9.40,9.10,0,0,0
06/10/2021,9.10,"1,425,300",9,9.10,8.80,0,0,0
05/10/2021,9,"1,960,910",8.70,9.10,8.60,0,0,0
04/10/2021,8.70,"1,558,509",8.90,9.10,8.70,0,"4,000",-0.0
01/10/2021,8.90,"550,105",9.20,9.30,8.70,0,500,-0.0
30/09/2021,9.20,"2,016,834",9.20,9.70,8.70,0,0,0
29/09/2021,9.20,"829,900",9,9.90,8.70,0,0,0
28/09/2021,9,"2,104,700",9.20,10,8.50,0,0,0
27/09/2021,9.20,"4,189,942",10.40,10.90,9.10,0,0,0
24/09/2021,10.40,"1,718,341",10.20,11.20,9.90,0,0,0
23/09/2021,10.20,"1,551,644",9.90,10.70,9.80,0,0,0
22/09/2021,9.90,"4,936,209",9.20,10.20,9.20,0,0,0
21/09/2021,9.20,"3,139,583",9.10,9.30,8.60,0,0,0
20/09/2021,9.10,"1,601,500",8.70,9.20,7.60,0,0,0
17/09/2021,8.70,"1,061,919",9,9.40,8.60,0,0,0
16/09/2021,9,"1,660,289",9.70,9.80,9,0,0,0
15/09/2021,9.70,"2,655,000",8.80,10,8.70,0,0,0
14/09/2021,8.80,"1,053,440",8.70,8.90,8.50,0,0,0
13/09/2021,8.70,"2,247,800",8.90,9.20,8,0,0,0
10/09/2021,8.90,"2,373,035",9.20,9.40,8.70,0,0,0
09/09/2021,9.20,"1,820,500",9.50,9.50,8.80,0,0,0
08/09/2021,9.50,"2,938,100",9.70,9.80,8.40,0,0,0
07/09/2021,9.70,"2,445,191",9.80,10.10,9.20,0,0,0
06/09/2021,9.80,"1,641,200",9.20,10.30,9,0,0,0
01/09/2021,9.20,"2,407,100",10,11.20,8.60,0,0,0
31/08/2021,10,"1,289,282",8.80,10,9.90,500,0,0.0
30/08/2021,8.80,"606,748",8.90,8.90,8,0,0,0
27/08/2021,8.90,"10,906,446",7.80,8.90,6.70,0,0,0
26/08/2021,7.80,0,7.80,7.80,7.80,0,0,0
25/08/2021,7.80,0,7.80,7.80,7.80,0,0,0
24/08/2021,7.80,0,7.80,7.80,7.80,0,0,0
23/08/2021,7.80,0,7,7.80,7.80,0,0,0
20/08/2021,7,"1,628,800",8,8.40,6.90,0,0,0
19/08/2021,8,0,8,8,8,0,0,0
18/08/2021,8,0,8,8,8,0,0,0
17/08/2021,8,0,8,8,8,0,0,0
16/08/2021,8,0,6.80,8,6.80,0,0,0
13/08/2021,6.80,"3,641,731",8,8.80,6.80,0,0,0
12/08/2021,8,0,8,8,8,0,0,0
11/08/2021,8,0,8,8,8,0,0,0
10/08/2021,8,0,8,8,8,0,0,0
09/08/2021,8,0,8.30,8,8,0,0,0
06/08/2021,8.30,"3,419,800",8.60,9.10,7.40,0,0,0
05/08/2021,8.60,0,8.60,8.60,8.60,0,0,0
04/08/2021,8.60,0,8.60,8.60,8.60,0,0,0
03/08/2021,8.60,0,8.60,8.60,8.60,0,0,0
02/08/2021,8.60,0,8.80,8.60,8.80,0,0,0
30/07/2021,8.80,"3,186,200",9,10.20,7.70,0,200,-0.0
29/07/2021,9,0,9,9,9,0,0,0
28/07/2021,9,0,9,9,9,0,0,0
27/07/2021,9,0,9,9,9,0,0,0
26/07/2021,9,0,8,9,9,0,0,0
23/07/2021,8,"984,370",9.30,10.60,8,0,0,0
22/07/2021,9.30,0,9.30,9.30,9.30,0,0,0
21/07/2021,9.30,0,9.30,9.30,9.30,0,0,0
20/07/2021,9.30,0,9.30,9.30,9.30,0,0,0
19/07/2021,9.30,0,9.20,9.30,9.20,0,0,0
16/07/2021,9.20,"611,472",10.80,12.30,9.20,0,0,0
15/07/2021,10.80,0,10.80,10.80,10.80,0,0,0
14/07/2021,10.80,0,10.80,10.80,10.80,0,0,0
13/07/2021,10.80,0,10.80,10.80,10.80,0,0,0
12/07/2021,10.80,0,10.40,10.80,10.80,0,0,0
09/07/2021,10.40,"3,129,378",10.10,11.60,8.60,0,0,0
08/07/2021,10.10,0,10.10,10.10,10.10,0,0,0
07/07/2021,10.10,0,10.10,10.10,10.10,0,0,0
06/07/2021,10.10,0,10.10,10.10,10.10,0,0,0
05/07/2021,10.10,0,10.10,10.10,10.10,0,0,0
02/07/2021,10.10,"235,778",8.80,10.10,10.10,0,0,0
01/07/2021,8.80,0,8.80,8.80,8.80,0,0,0
30/06/2021,8.80,0,8.80,8.80,8.80,0,0,0
29/06/2021,8.80,0,8.80,8.80,8.80,0,0,0
28/06/2021,8.80,0,8.80,8.80,8.80,0,0,0
25/06/2021,8.80,"216,270",7.70,8.80,8.80,0,0,0
24/06/2021,7.70,0,7.70,7.70,7.70,0,0,0
23/06/2021,7.70,0,7.70,7.70,7.70,0,0,0
22/06/2021,7.70,0,7.70,7.70,7.70,0,0,0
21/06/2021,7.70,0,7.70,7.70,7.70,0,0,0
18/06/2021,7.70,"527,847",6.70,7.70,6.70,0,0,0
17/06/2021,6.70,0,6.70,6.70,6.70,0,0,0
16/06/2021,6.70,0,6.70,6.70,6.70,0,0,0
15/06/2021,6.70,0,6.70,6.70,6.70,0,0,0
14/06/2021,6.70,0,6.70,6.70,6.70,0,0,0
11/06/2021,6.70,"122,549",5.90,6.70,5.90,0,0,0
10/06/2021,5.90,0,5.90,5.90,5.90,0,0,0
09/06/2021,5.90,0,5.90,5.90,5.90,0,0,0
08/06/2021,5.90,0,5.90,5.90,5.90,0,0,0
07/06/2021,5.90,0,5.90,5.90,5.90,0,0,0
04/06/2021,5.90,"549,940",5.20,5.90,5.90,0,0,0
03/06/2021,5.20,0,5.20,5.20,5.20,0,0,0
02/06/2021,5.20,0,5.20,5.20,5.20,0,0,0
01/06/2021,5.20,0,5.20,5.20,5.20,0,0,0
31/05/2021,5.20,0,5.20,5.20,5.20,0,0,0
28/05/2021,5.20,"133,500",4.60,5.20,4.10,0,0,0
27/05/2021,4.60,0,4.60,4.60,4.60,0,0,0
26/05/2021,4.60,0,4.60,4.60,4.60,0,0,0
25/05/2021,4.60,0,4.60,4.60,4.60,0,0,0
24/05/2021,4.60,0,4.60,4.60,4.60,0,0,0
21/05/2021,4.60,"1,622,100",4,4.60,3.90,0,0,0
20/05/2021,4,0,4,4,4,0,0,0
19/05/2021,4,0,4,4,4,0,0,0
18/05/2021,4,0,4,4,4,0,0,0
17/05/2021,4,0,4,4,4,0,0,0
14/05/2021,4,"2,752,570",3.50,4,3.20,0,0,0
13/05/2021,3.50,0,3.50,3.50,3.50,0,0,0
12/05/2021,3.50,0,3.50,3.50,3.50,0,0,0
11/05/2021,3.50,0,3.50,3.50,3.50,0,0,0
10/05/2021,3.50,0,3.60,3.50,3.50,0,0,0
07/05/2021,3.60,"1,309,739",3.50,3.90,3.10,0,0,0
06/05/2021,3.50,0,3.50,3.50,3.50,0,0,0
05/05/2021,3.50,0,3.50,3.50,3.50,0,0,0
04/05/2021,3.50,0,3.50,3.50,3.50,0,0,0
29/04/2021,3.50,0,3.50,3.50,3.50,0,0,0
28/04/2021,3.50,0,3.50,3.50,3.50,0,0,0
27/04/2021,3.50,0,3.50,3.50,3.50,0,0,0
26/04/2021,3.50,0,3.40,3.50,3.50,0,0,0
23/04/2021,3.40,"5,201,281",3.20,3.60,3.30,200,0,0.0
22/04/2021,3.20,0,3.20,3.20,3.20,0,0,0
20/04/2021,3.20,0,3.20,3.20,3.20,0,0,0
19/04/2021,3.20,0,3.20,3.20,3.20,0,0,0
16/04/2021,3.20,"1,810,169",2.80,3.20,2.80,0,65,-0.0
15/04/2021,2.80,0,2.80,2.80,2.80,0,0,0
14/04/2021,2.80,0,2.80,2.80,2.80,0,0,0
13/04/2021,2.80,0,2.80,2.80,2.80,0,0,0
12/04/2021,2.80,0,2.90,2.80,2.80,0,0,0
09/04/2021,2.90,"3,611,000",2.90,3.10,2.60,0,0,0
08/04/2021,2.90,0,2.90,2.90,2.90,0,0,0
07/04/2021,2.90,0,2.90,2.90,2.90,0,0,0
06/04/2021,2.90,0,2.90,2.90,2.90,0,0,0
05/04/2021,2.90,0,2.90,2.90,2.90,0,0,0
02/04/2021,2.90,"961,003",2.90,3.10,2.70,65,"29,300",-0.1
01/04/2021,2.90,0,2.90,2.90,2.90,0,0,0
31/03/2021,2.90,0,2.90,2.90,2.90,0,0,0
30/03/2021,2.90,0,2.90,2.90,2.90,0,0,0
29/03/2021,2.90,0,2.90,2.90,2.90,0,0,0
26/03/2021,2.90,"3,191,800",2.90,3.30,2.60,0,0,0
25/03/2021,2.90,0,2.90,2.90,2.90,0,0,0
24/03/2021,2.90,0,2.90,2.90,2.90,0,0,0
23/03/2021,2.90,0,2.90,2.90,2.90,0,0,0
22/03/2021,2.90,0,2.70,2.90,2.90,0,0,0
19/03/2021,2.70,"1,828,800",2.60,2.90,2.70,"29,300",0,0.1
18/03/2021,2.60,0,2.60,2.60,2.60,0,0,0
17/03/2021,2.60,0,2.60,2.60,2.60,0,0,0
16/03/2021,2.60,0,2.60,2.60,2.60,0,0,0
15/03/2021,2.60,0,2.70,2.60,2.60,0,0,0
12/03/2021,2.70,"2,881,080",2.40,2.70,2.10,0,0,0
11/03/2021,2.40,0,2.40,2.40,2.40,0,0,0
10/03/2021,2.40,0,2.40,2.40,2.40,0,0,0
09/03/2021,2.40,0,2.40,2.40,2.40,0,0,0
08/03/2021,2.40,0,2.40,2.40,2.40,0,0,0
05/03/2021,2.40,"3,322,856",2.10,2.40,2.30,0,0,0
04/03/2021,2.10,0,2.10,2.10,2.10,0,0,0
03/03/2021,2.10,0,2.10,2.10,2.10,0,0,0
02/03/2021,2.10,0,2.10,2.10,2.10,0,0,0
01/03/2021,2.10,0,2.10,2.10,2.10,0,0,0
26/02/2021,2.10,"1,052,528",1.90,2.10,2,0,0,0
25/02/2021,1.90,0,1.90,1.90,1.90,0,0,0
24/02/2021,1.90,0,1.90,1.90,1.90,0,0,0
23/02/2021,1.90,0,1.90,1.90,1.90,0,0,0
22/02/2021,1.90,0,2,1.90,1.90,0,0,0
19/02/2021,2,"540,900",1.80,2,1.80,0,"44,000",-0.1
18/02/2021,1.80,0,1.80,1.80,1.80,0,0,0
17/02/2021,1.80,0,1.80,1.80,1.80,0,0,0
09/02/2021,1.80,0,1.80,1.80,1.80,0,0,0
08/02/2021,1.80,0,1.80,1.80,1.80,0,0,0
05/02/2021,1.80,"604,730",2.10,2.20,1.80,0,0,0
04/02/2021,2.10,0,2.10,2.10,2.10,0,0,0
03/02/2021,2.10,0,2.10,2.10,2.10,0,0,0
02/02/2021,2.10,0,2.10,2.10,2.10,0,0,0
01/02/2021,2.10,0,2.20,2.10,2.20,0,0,0
29/01/2021,2.20,"922,773",2.30,2.30,2,0,0,0
28/01/2021,2.30,0,2.30,2.30,2.30,0,0,0
27/01/2021,2.30,0,2.30,2.30,2.30,0,0,0
26/01/2021,2.30,0,2.30,2.30,2.30,0,0,0
25/01/2021,2.30,0,2.30,2.30,2.30,0,0,0
22/01/2021,2.30,"934,500",2,2.30,2.20,0,0,0
21/01/2021,2,0,2,2,2,0,0,0
20/01/2021,2,0,2,2,2,0,0,0
19/01/2021,2,0,2,2,2,0,0,0
18/01/2021,2,0,2,2,2,0,0,0
15/01/2021,2,"97,820",1.80,2,2,0,0,0
14/01/2021,1.80,0,1.80,1.80,1.80,0,0,0
13/01/2021,1.80,0,1.80,1.80,1.80,0,0,0
12/01/2021,1.80,0,1.80,1.80,1.80,0,0,0
11/01/2021,1.80,0,1.80,1.80,1.80,0,0,0
08/01/2021,1.80,"359,423",1.60,1.80,1.60,0,0,0
07/01/2021,1.60,0,1.60,1.60,1.60,0,0,0
06/01/2021,1.60,0,1.60,1.60,1.60,0,0,0
05/01/2021,1.60,0,1.60,1.60,1.60,0,0,0
04/01/2021,1.60,0,1.60,1.60,1.60,0,0,0
31/12/2020,1.60,0,1.60,1.60,1.60,0,0,0
30/12/2020,1.60,0,1.60,1.60,1.60,0,0,0
29/12/2020,1.60,0,1.60,1.60,1.60,0,0,0
28/12/2020,1.60,0,1.60,1.60,1.60,0,0,0
25/12/2020,1.60,"1,046,500",1.40,1.60,1.50,0,"2,700",-0.0
24/12/2020,1.40,0,1.40,1.40,1.40,0,0,0
23/12/2020,1.40,0,1.40,1.40,1.40,0,0,0
22/12/2020,1.40,0,1.40,1.40,1.40,0,0,0
21/12/2020,1.40,0,1.40,1.40,1.40,0,0,0
18/12/2020,1.40,"865,600",1.30,1.40,1.30,0,0,0
17/12/2020,1.30,0,1.30,1.30,1.30,0,0,0
16/12/2020,1.30,0,1.30,1.30,1.30,0,0,0
15/12/2020,1.30,0,1.30,1.30,1.30,0,0,0
14/12/2020,1.30,0,1.30,1.30,1.30,0,0,0
11/12/2020,1.30,"439,727",1.20,1.30,1.20,0,0,0
10/12/2020,1.20,0,1.20,1.20,1.20,0,0,0
09/12/2020,1.20,0,1.20,1.20,1.20,0,0,0
08/12/2020,1.20,0,1.20,1.20,1.20,0,0,0
07/12/2020,1.20,0,1.20,1.20,1.20,0,0,0
04/12/2020,1.20,"1,021,478",1.10,1.20,1.10,0,0,0
03/12/2020,1.10,0,1.10,1.10,1.10,0,0,0
02/12/2020,1.10,0,1.10,1.10,1.10,0,0,0
01/12/2020,1.10,0,1.10,1.10,1.10,0,0,0
30/11/2020,1.10,0,1.10,1.10,1.10,0,0,0
27/11/2020,1.10,"699,030",1,1.10,1,0,0,0
26/11/2020,1,0,1,1,1,0,0,0
25/11/2020,1,0,1,1,1,0,0,0
24/11/2020,1,0,1,1,1,0,0,0
23/11/2020,1,0,1,1,1,0,0,0
20/11/2020,1,"252,699",1.10,1.20,1,0,0,0
19/11/2020,1.10,0,1.10,1.10,1.10,0,0,0
18/11/2020,1.10,0,1.10,1.10,1.10,0,0,0
17/11/2020,1.10,0,1.10,1.10,1.10,0,0,0
16/11/2020,1.10,0,1.10,1.10,1.10,0,0,0
13/11/2020,1.10,"136,988",1.10,1.20,1,0,0,0
12/11/2020,1.10,0,1.10,1.10,1.10,0,0,0
11/11/2020,1.10,0,1.10,1.10,1.10,0,0,0
10/11/2020,1.10,0,1.10,1.10,1.10,0,0,0
09/11/2020,1.10,0,1.10,1.10,1.10,0,0,0
06/11/2020,1.10,"760,725",1,1.10,1,0,0,0
05/11/2020,1,0,1,1,1,0,0,0
04/11/2020,1,0,1,1,1,0,0,0
03/11/2020,1,0,1,1,1,0,0,0
02/11/2020,1,0,1,1,1,0,0,0
30/10/2020,1,"2,176,865",0.90,1,1,0,500,-0.0
29/10/2020,0.90,0,0.90,0.90,0.90,0,0,0
28/10/2020,0.90,0,0.90,0.90,0.90,0,0,0
27/10/2020,0.90,0,0.90,0.90,0.90,0,0,0
26/10/2020,0.90,0,1,0.90,0.90,0,0,0
23/10/2020,1,"1,087,890",0.90,1,0.80,0,0,0
22/10/2020,0.90,0,0.90,0.90,0.90,0,0,0
21/10/2020,0.90,0,0.90,0.90,0.90,0,0,0
20/10/2020,0.90,0,0.90,0.90,0.90,0,0,0
19/10/2020,0.90,0,1,0.90,1,0,0,0
16/10/2020,1,"882,200",0.90,1,0.90,0,0,0
15/10/2020,0.90,0,0.90,0.90,0.90,0,0,0
14/10/2020,0.90,0,0.90,0.90,0.90,0,0,0
13/10/2020,0.90,0,0.90,0.90,0.90,0,0,0
12/10/2020,0.90,0,0.90,0.90,0.90,0,0,0
09/10/2020,0.90,"1,944,221",0.80,0.90,0.80,0,0,0
08/10/2020,0.80,0,0.80,0.80,0.80,0,0,0
07/10/2020,0.80,0,0.80,0.80,0.80,0,0,0
06/10/2020,0.80,0,0.80,0.80,0.80,0,0,0
05/10/2020,0.80,0,0.90,0.80,0.80,0,0,0
02/10/2020,0.90,"1,353,048",0.80,0.90,0.70,0,0,0
01/10/2020,0.80,0,0.80,0.80,0.80,0,0,0
30/09/2020,0.80,0,0.80,0.80,0.80,0,0,0
29/09/2020,0.80,0,0.80,0.80,0.80,0,0,0
28/09/2020,0.80,0,0.80,0.80,0.80,0,0,0
25/09/2020,0.80,"403,730",0.90,0.90,0.80,0,0,0
24/09/2020,0.90,0,0.90,0.90,0.90,0,0,0
23/09/2020,0.90,0,0.90,0.90,0.90,0,0,0
22/09/2020,0.90,0,0.90,0.90,0.90,0,0,0
21/09/2020,0.90,0,0.90,0.90,0.90,0,0,0
18/09/2020,0.90,"422,419",1,1,0.90,0,0,0
17/09/2020,1,0,1,1,1,0,0,0
16/09/2020,1,0,1,1,1,0,0,0
15/09/2020,1,0,1,1,1,0,0,0
14/09/2020,1,0,1,1,1,0,0,0
11/09/2020,1,"1,018,850",1.10,1.20,1,0,0,0
10/09/2020,1.10,0,1.10,1.10,1.10,0,0,0
09/09/2020,1.10,0,1.10,1.10,1.10,0,0,0
08/09/2020,1.10,0,1.10,1.10,1.10,0,0,0
07/09/2020,1.10,0,1.10,1.10,1.10,0,0,0
04/09/2020,1.10,"3,491,756",1,1.10,0.90,"2,700",0,0.0
03/09/2020,1,0,1,1,1,0,0,0
01/09/2020,1,0,1,1,1,0,0,0
31/08/2020,1,0,1,1,1,0,0,0
28/08/2020,1,"366,683",0.90,1,1,0,0,0
27/08/2020,0.90,0,0.90,0.90,0.90,0,0,0
26/08/2020,0.90,0,0.90,0.90,0.90,0,0,0
25/08/2020,0.90,0,0.90,0.90,0.90,0,0,0
24/08/2020,0.90,0,0.90,0.90,0.90,0,0,0
21/08/2020,0.90,"512,610",0.80,0.90,0.90,0,0,0
20/08/2020,0.80,0,0.80,0.80,0.80,0,0,0
19/08/2020,0.80,0,0.80,0.80,0.80,0,0,0
18/08/2020,0.80,0,0.80,0.80,0.80,0,0,0
17/08/2020,0.80,0,0.80,0.80,0.80,0,0,0
14/08/2020,0.80,"541,060",0.70,0.80,0.80,0,0,0
13/08/2020,0.70,0,0.70,0.70,0.70,0,0,0
12/08/2020,0.70,0,0.70,0.70,0.70,0,0,0
11/08/2020,0.70,0,0.70,0.70,0.70,0,0,0
10/08/2020,0.70,0,0.70,0.70,0.70,0,0,0
07/08/2020,0.70,"476,151",0.60,0.70,0.60,0,0,0
06/08/2020,0.60,0,0.60,0.60,0.60,0,0,0
05/08/2020,0.60,0,0.60,0.60,0.60,0,0,0
04/08/2020,0.60,0,0.60,0.60,0.60,0,0,0
03/08/2020,0.60,0,0.60,0.60,0.60,0,0,0
31/07/2020,0.60,"1,222,534",0.50,0.60,0.40,0,0,0
30/07/2020,0.50,0,0.50,0.50,0.50,0,0,0
29/07/2020,0.50,0,0.50,0.50,0.50,0,0,0
28/07/2020,0.50,0,0.50,0.50,0.50,0,0,0
27/07/2020,0.50,0,0.60,0.50,0.50,0,0,0
24/07/2020,0.60,0,0.60,0.60,0.60,500,0,0.0
23/07/2020,0.60,0,0.60,0.60,0.60,0,0,0
22/07/2020,0.60,0,0.60,0.60,0.60,0,0,0
21/07/2020,0.60,0,0.60,0.60,0.60,0,0,0
20/07/2020,0.60,0,0.70,0.60,0.60,0,0,0
17/07/2020,0.70,"752,355",0.60,0.70,0.60,0,0,0
16/07/2020,0.60,0,0.60,0.60,0.60,0,0,0
15/07/2020,0.60,0,0.60,0.60,0.60,0,0,0
14/07/2020,0.60,0,0.60,0.60,0.60,0,0,0
13/07/2020,0.60,0,0.60,0.60,0.60,0,0,0
10/07/2020,0.60,"1,272,391",0.70,0.70,0.60,0,"1,000",-0.0
09/07/2020,0.70,0,0.70,0.70,0.70,0,0,0
08/07/2020,0.70,0,0.70,0.70,0.70,0,0,0
07/07/2020,0.70,0,0.70,0.70,0.70,0,0,0
06/07/2020,0.70,0,0.80,0.70,0.70,0,0,0
03/07/2020,0.80,"1,178,100",0.70,0.90,0.60,200,0,0.0
02/07/2020,0.70,0,0.70,0.70,0.70,0,0,0
01/07/2020,0.70,0,0.70,0.70,0.70,0,0,0
30/06/2020,0.70,0,0.70,0.70,0.70,0,0,0
29/06/2020,0.70,0,0.75,0.70,0.70,0,0,0
26/06/2020,0.75,0,0.75,0.75,0.75,0,0,0
25/06/2020,0.75,0,0.75,0.75,0.75,0,0,0
24/06/2020,0.75,0,0.75,0.75,0.75,0,0,0
23/06/2020,0.75,0,0.75,0.75,0.75,0,0,0
22/06/2020,0.75,0,0.75,0.75,0.75,0,0,0
19/06/2020,0.75,0,0.73,0.75,0.73,0,0,0
18/06/2020,0.73,"412,830",0.75,0.78,0.73,0,0,0
17/06/2020,0.75,"980,090",0.71,0.75,0.68,0,0,0
16/06/2020,0.71,"2,302,470",0.76,0.76,0.71,0,"3,200",-0.0
15/06/2020,0.76,"1,141,740",0.81,0.81,0.76,0,"20,000",-0.0
12/06/2020,0.81,"1,679,700",0.87,0.89,0.81,0,0,0
11/06/2020,0.87,"3,623,490",0.82,0.87,0.85,"44,930","150,000",-0.1
10/06/2020,0.82,"2,387,710",0.77,0.82,0.75,"23,200",0,0.0
09/06/2020,0.77,"1,172,620",0.72,0.77,0.72,70,0,0
08/06/2020,0.72,"1,424,840",0.68,0.72,0.68,0,0,0
05/06/2020,0.68,"1,558,780",0.70,0.70,0.66,0,0,0
04/06/2020,0.70,"2,286,850",0.75,0.75,0.70,"20,000",0,0.0
03/06/2020,0.75,"1,589,680",0.80,0.80,0.75,"150,000",0,0.1
02/06/2020,0.80,"1,221,810",0.80,0.85,0.80,0,0,0
01/06/2020,0.80,"83,470",0.75,0.80,0.80,0,0,0
29/05/2020,0.75,"4,213,610",0.71,0.75,0.67,0,0,0
28/05/2020,0.71,"112,660",0.76,0.76,0.71,0,0,0
27/05/2020,0.76,"94,660",0.81,0.81,0.76,0,0,0
26/05/2020,0.81,"101,110",0.87,0.87,0.81,0,0,0
25/05/2020,0.87,"194,180",0.93,0.93,0.87,0,0,0
22/05/2020,0.93,"317,020",1,1,0.93,0,0,0
21/05/2020,1,"798,380",1.07,1.07,1,500,0,0.0
20/05/2020,1.07,"1,727,970",1.15,1.15,1.07,0,0,0
19/05/2020,1.15,"360,010",1.18,1.18,1.13,0,0,0
18/05/2020,1.18,"630,710",1.21,1.26,1.14,0,0,0
15/05/2020,1.21,"1,358,570",1.14,1.21,1.18,0,0,0
14/05/2020,1.14,"699,840",1.07,1.14,1.06,0,"1,000",-0.0
13/05/2020,1.07,"226,200",1.08,1.08,1.04,0,0,0
12/05/2020,1.08,"418,200",1.08,1.10,1.05,0,0,0
11/05/2020,1.08,"597,650",1.05,1.09,1.05,0,150,-0.0
08/05/2020,1.05,"590,910",1.11,1.11,1.05,0,0,0
07/05/2020,1.11,"390,120",1.07,1.11,1.08,0,0,0
06/05/2020,1.07,"543,570",1.10,1.10,1.05,0,0,0
05/05/2020,1.10,"2,155,610",1.12,1.12,1.05,"1,000",0,0.0
04/05/2020,1.12,"694,860",1.20,1.20,1.12,0,0,0
29/04/2020,1.20,"2,335,720",1.28,1.28,1.20,0,0,0
28/04/2020,1.28,"224,360",1.30,1.30,1.26,0,0,0
27/04/2020,1.30,"553,350",1.36,1.37,1.30,0,0,0
24/04/2020,1.36,"289,280",1.38,1.39,1.35,0,400,-0.0
23/04/2020,1.38,"322,010",1.38,1.42,1.37,0,0,0
22/04/2020,1.38,"450,470",1.34,1.38,1.26,0,0,0
21/04/2020,1.34,"1,195,660",1.44,1.44,1.34,0,0,0
20/04/2020,1.44,"1,730,190",1.35,1.44,1.27,0,0,0
17/04/2020,1.35,"958,100",1.27,1.35,1.29,0,0,0
16/04/2020,1.27,"1,115,680",1.19,1.27,1.17,0,0,0
15/04/2020,1.19,"528,360",1.14,1.20,1.13,0,0,0
14/04/2020,1.14,"292,350",1.17,1.18,1.13,0,0,0
13/04/2020,1.17,"439,990",1.17,1.18,1.15,0,0,0
10/04/2020,1.17,"512,460",1.17,1.20,1.14,110,0,0.0
09/04/2020,1.17,"392,450",1.15,1.20,1.14,0,0,0
08/04/2020,1.15,"312,270",1.21,1.21,1.13,0,0,0
07/04/2020,1.21,"867,350",1.21,1.27,1.19,0,0,0
06/04/2020,1.21,"869,180",1.14,1.21,1.17,0,0,0
03/04/2020,1.14,"466,130",1.07,1.14,1.08,0,0,0
01/04/2020,1.07,"487,250",1.07,1.11,1.02,0,0,0
31/03/2020,1.07,"872,550",1.15,1.16,1.07,0,0,0
30/03/2020,1.15,"282,660",1.23,1.23,1.15,0,0,0
27/03/2020,1.23,"739,730",1.32,1.32,1.23,0,0,0
26/03/2020,1.32,"760,920",1.41,1.41,1.32,0,0,0
25/03/2020,1.41,"269,490",1.39,1.46,1.39,0,0,0
24/03/2020,1.39,"552,630",1.40,1.42,1.32,0,0,0
23/03/2020,1.40,"655,630",1.50,1.50,1.40,700,0,0.0
20/03/2020,1.50,"446,320",1.48,1.55,1.47,0,0,0
19/03/2020,1.48,"2,441,990",1.59,1.70,1.48,0,0,0
18/03/2020,1.59,"219,590",1.49,1.59,1.59,0,0,0
17/03/2020,1.49,"508,420",1.40,1.49,1.32,0,0,0
16/03/2020,1.40,"1,425,410",1.50,1.52,1.40,0,0,0
13/03/2020,1.50,"1,509,390",1.61,1.61,1.50,0,0,0
12/03/2020,1.61,"346,040",1.73,1.73,1.61,0,0,0
11/03/2020,1.73,"1,631,060",1.85,1.87,1.73,0,0,0
10/03/2020,1.85,"683,580",1.92,1.92,1.79,0,0,0
09/03/2020,1.92,"2,234,280",2.06,2.06,1.92,0,0,0
06/03/2020,2.06,"1,007,000",2.02,2.12,2.01,0,0,0
05/03/2020,2.02,"1,417,500",2.10,2.13,2.02,0,0,0
04/03/2020,2.10,"1,128,380",2.03,2.10,2.01,0,0,0
03/03/2020,2.03,"754,340",2.08,2.12,2.02,0,0,0
02/03/2020,2.08,"923,830",2.04,2.09,1.98,0,0,0
28/02/2020,2.04,"848,830",2.15,2.15,2.02,0,0,0
27/02/2020,2.15,"661,960",2.07,2.17,2.03,0,0,0
26/02/2020,2.07,"671,530",2.14,2.15,2,0,0,0
25/02/2020,2.14,"2,069,730",2.18,2.29,2.03,0,0,0
24/02/2020,2.18,"1,346,210",2.34,2.34,2.18,0,0,0
21/02/2020,2.34,"2,391,750",2.51,2.51,2.34,0,0,0
20/02/2020,2.51,"3,472,420",2.38,2.54,2.30,0,0,0
19/02/2020,2.38,"610,810",2.23,2.38,2.35,0,0,0
18/02/2020,2.23,"3,025,700",2.09,2.23,1.95,0,0,0
17/02/2020,2.09,"564,300",2.24,2.24,2.09,0,0,0
14/02/2020,2.24,"1,321,920",2.40,2.40,2.24,0,0,0
13/02/2020,2.40,"2,970,050",2.58,2.58,2.40,0,0,0
12/02/2020,2.58,"1,602,580",2.50,2.67,2.49,0,0,0
11/02/2020,2.50,"10,270,270",2.50,2.67,2.35,0,0,0
10/02/2020,2.50,"3,701,960",2.34,2.50,2.35,0,0,0
07/02/2020,2.34,"3,220",2.19,2.34,2.34,0,0,0
06/02/2020,2.19,"6,196,190",2.05,2.19,1.91,0,0,0
05/02/2020,2.05,"7,884,890",2.20,2.35,2.05,0,0,0
04/02/2020,2.20,"11,840",2.36,2.36,2.20,0,0,0
03/02/2020,2.36,"3,420",2.53,2.53,2.36,0,0,0
31/01/2020,2.53,"9,440",2.72,2.72,2.53,0,0,0
30/01/2020,2.72,"11,750",2.92,2.92,2.72,0,0,0
22/01/2020,2.92,"12,920",3.13,3.13,2.92,0,0,0
21/01/2020,3.13,"2,450",3.36,3.36,3.13,0,0,0
20/01/2020,3.36,330,3.61,3.61,3.36,0,0,0
17/01/2020,3.61,870,3.88,3.88,3.61,0,0,0
16/01/2020,3.88,"2,450",4.17,4.17,3.88,0,0,0
15/01/2020,4.17,830,4.48,4.48,4.17,0,0,0
14/01/2020,4.48,750,4.81,4.81,4.48,0,0,0
13/01/2020,4.81,160,5.17,5.17,4.81,0,0,0
10/01/2020,5.17,440,5.55,5.55,5.17,0,0,0
09/01/2020,5.55,"1,250",5.96,5.96,5.55,0,0,0
08/01/2020,5.96,500,6.40,6.40,5.96,0,0,0
07/01/2020,6.40,370,6.88,6.88,6.40,0,0,0
06/01/2020,6.88,970,7.39,7.39,6.88,0,0,0
03/01/2020,7.39,"1,300",7.94,7.94,7.39,0,0,0
02/01/2020,7.94,260,8.53,8.53,7.94,0,0,0
31/12/2019,8.53,"2,550",9.17,9.17,8.53,0,0,0
30/12/2019,9.17,"5,230",9.86,9.86,9.17,0,0,0
27/12/2019,9.86,"314,910",10.60,10.60,9.86,0,0,0
26/12/2019,10.60,"1,178,770",11.35,11.60,10.60,0,0,0
25/12/2019,11.35,"70,810",12.20,12.20,11.35,0,0,0
24/12/2019,12.20,"25,550",12.30,12.30,12,0,0,0
23/12/2019,12.30,"21,020",12.30,12.30,12.20,0,0,0
20/12/2019,12.30,"31,810",11.75,12.30,11.70,0,0,0
19/12/2019,11.75,"26,600",11.75,11.75,11.40,0,0,0
18/12/2019,11.75,"124,490",11.55,11.75,11.30,0,0,0
17/12/2019,11.55,"69,110",11.30,11.70,11.50,0,0,0
16/12/2019,11.30,"102,120",11.65,11.65,11,0,0,0
13/12/2019,11.65,"119,660",11.65,11.65,11.45,0,0,0
12/12/2019,11.65,"2,330",11.75,11.75,11.50,0,0,0
11/12/2019,11.75,180,11.60,11.75,10.80,0,0,0
10/12/2019,11.60,"10,160",12.40,12.40,11.55,0,0,0
09/12/2019,12.40,"25,880",12.50,12.60,11.65,0,0,0
06/12/2019,12.50,"46,520",12.50,12.50,11.65,0,0,0
05/12/2019,12.50,"21,040",12.50,12.50,11.65,0,0,0
04/12/2019,12.50,"37,320",12.55,12.55,12.45,0,0,0
03/12/2019,12.55,"16,650",12.60,12.60,12.55,0,0,0
02/12/2019,12.60,"39,950",12.60,12.60,12.55,0,0,0
29/11/2019,12.60,"22,530",12.55,12.60,12,0,0,0
28/11/2019,12.55,"8,000",12.45,12.55,12.35,0,0,0
27/11/2019,12.45,"6,760",12.40,12.45,11.90,0,0,0
26/11/2019,12.40,"21,290",12.40,12.40,11.90,0,0,0
25/11/2019,12.40,"19,040",12.60,12.60,12.20,0,0,0
22/11/2019,12.60,"191,190",12.70,12.70,11.85,0,0,0
21/11/2019,12.70,"10,730",12.70,12.70,12.55,0,0,0
20/11/2019,12.70,"20,490",12.50,12.70,12.55,0,0,0
19/11/2019,12.50,"11,760",12.50,12.60,12.50,0,0,0
18/11/2019,12.50,"140,410",12.70,12.70,12.50,0,0,0
15/11/2019,12.70,"43,540",12.70,12.70,11.85,0,0,0
14/11/2019,12.70,"66,160",12.75,12.80,12.55,0,0,0
13/11/2019,12.75,"161,980",12.70,12.75,12.65,0,0,0
12/11/2019,12.70,"63,170",12.75,12.75,12.65,0,0,0
11/11/2019,12.75,"10,260",12.80,12.80,12.65,0,0,0
08/11/2019,12.80,"120,450",12.80,12.80,12.65,0,0,0
07/11/2019,12.80,"82,570",12.80,12.80,12.70,0,0,0
06/11/2019,12.80,"73,640",12.75,12.80,12.70,0,0,0
05/11/2019,12.75,"78,900",12.85,13,12.70,0,0,0
04/11/2019,12.85,"96,920",12.75,13,12.60,0,0,0
01/11/2019,12.75,"86,760",13,13,12.55,0,0,0
31/10/2019,13,"99,360",13,13,12.90,0,0,0
30/10/2019,13,"107,570",13,13,12.90,0,0,0
29/10/2019,13,"146,900",13,13,12.85,0,0,0
28/10/2019,13,"109,940",13,13.05,12.95,0,0,0
25/10/2019,13,"83,110",13,13,12.90,0,0,0
24/10/2019,13,"82,070",13,13,12.80,0,0,0
23/10/2019,13,"73,960",13,13,12.80,0,0,0
22/10/2019,13,"67,570",13.25,13.25,12.60,0,0,0
21/10/2019,13.25,"139,170",13.35,13.40,13.15,0,0,0
18/10/2019,13.35,"116,310",13.40,13.40,13.20,0,0,0
17/10/2019,13.40,"75,880",13.55,13.55,13.30,0,0,0
16/10/2019,13.55,"161,300",13.60,13.70,13.50,0,0,0
15/10/2019,13.60,"95,460",13.85,13.85,13.60,0,0,0
14/10/2019,13.85,"151,890",13.75,14,13.65,0,0,0
11/10/2019,13.75,"210,070",13.65,13.90,13.65,0,0,0
10/10/2019,13.65,"240,150",13.50,13.65,13.40,0,0,0
09/10/2019,13.50,"168,610",13.65,13.65,13.40,0,0,0
08/10/2019,13.65,"176,390",13.90,13.90,13.65,0,0,0
07/10/2019,13.90,"216,000",13.70,13.95,13.55,0,0,0
"04/10/2019: ThÆ°á»ng cá» phiáº¿u / Chia tÃ¡ch cá» phiáº¿u:  10/1 (Volume + 10%, Ratio=0.10)",,,,,,,,
04/10/2019,13.70,"431,820",13.09,13.90,13,0,0,0
03/10/2019,13.09,"151,430",13.55,13.55,12.91,0,0,0
02/10/2019,13.55,"214,190",13.82,13.82,13.27,0,0,0
01/10/2019,13.82,"85,590",14.27,14.27,13.73,0,0,0
30/09/2019,14.27,"89,100",14.27,14.55,14.09,0,0,0
27/09/2019,14.27,"123,720",14.59,14.59,13.64,0,0,0
26/09/2019,14.59,"74,960",15.18,15.18,14.45,0,0,0
25/09/2019,15.18,"201,000",15.09,15.18,15,0,0,0
24/09/2019,15.09,"167,190",15.09,15.23,15.05,0,0,0
23/09/2019,15.09,"155,980",15.14,15.14,15,0,0,0
20/09/2019,15.14,"291,090",14.91,15.14,14.86,0,0,0
19/09/2019,14.91,"943,020",14.91,14.91,14.45,0,0,0
18/09/2019,14.91,"78,780",15.05,15.05,14.82,0,0,0
17/09/2019,15.05,"103,320",15.14,15.14,14.95,0,0,0
16/09/2019,15.14,"144,700",15.23,15.23,15.14,0,0,0
13/09/2019,15.23,"1,331,490",15.36,15.36,15.18,0,0,0
12/09/2019,15.36,"1,125,540",15.09,15.36,15,0,0,0
11/09/2019,15.09,"446,010",15,15.09,14.95,0,0,0
10/09/2019,15,"163,810",15,15,14.91,0,0,0
09/09/2019,15,"128,060",15.05,15.05,14.95,0,0,0
06/09/2019,15.05,"437,640",15,15.09,15,0,0,0
05/09/2019,15,"263,780",15.73,15.82,15,0,0,0
04/09/2019,15.73,"563,920",15.32,15.86,15.32,0,0,0
03/09/2019,15.32,"151,610",15.41,15.45,15.32,0,0,0
30/08/2019,15.41,"466,680",15.36,15.45,15.32,0,0,0
29/08/2019,15.36,"248,580",15.23,15.36,15.23,0,0,0
28/08/2019,15.23,"209,160",15.14,15.27,15.14,0,0,0
27/08/2019,15.14,"170,850",15.18,15.18,15.09,0,0,0
26/08/2019,15.18,"190,500",15.14,15.23,15.14,0,0,0
23/08/2019,15.14,"780,900",15.32,15.32,15.09,0,0,0
22/08/2019,15.32,"408,990",15.05,15.32,15,0,0,0
21/08/2019,15.05,"500,970",15.23,15.23,14.55,0,0,0
20/08/2019,15.23,"297,690",15.59,15.59,15.09,0,0,0
19/08/2019,15.59,"433,130",16.23,16.23,15.59,0,0,0
16/08/2019,16.23,"842,390",15.50,16.36,15.45,0,0,0
15/08/2019,15.50,"344,390",15.18,15.50,15.14,0,0,0
14/08/2019,15.18,"141,040",15.14,15.23,15.14,0,0,0
13/08/2019,15.14,"120,290",15.18,15.23,15.09,0,0,0
12/08/2019,15.18,"221,960",15.32,15.36,15.14,0,0,0
09/08/2019,15.32,"302,970",15.45,15.50,15.27,0,0,0
08/08/2019,15.45,"287,100",15.32,15.55,15.32,0,0,0
07/08/2019,15.32,"479,590",15.14,15.50,15.14,0,0,0
06/08/2019,15.14,"312,530",15.14,15.23,15.09,0,0,0
05/08/2019,15.14,"452,810",15,15.18,14.86,0,0,0
02/08/2019,15,"129,510",15.09,15.18,15,0,0,0
01/08/2019,15.09,"194,370",15.23,15.23,15,0,0,0
31/07/2019,15.23,"417,530",15,15.27,15,0,0,0
30/07/2019,15,"347,010",15.18,15.18,14.68,0,0,0
29/07/2019,15.18,"189,500",15.77,15.77,15,0,0,0
26/07/2019,15.77,"213,260",16.59,16.59,15.64,0,0,0
25/07/2019,16.59,"1,010,940",15.55,16.59,15.55,0,0,0
24/07/2019,15.55,"717,940",15.14,15.73,15.14,0,0,0
23/07/2019,15.14,"556,670",14.82,15.18,14.82,0,0,0
22/07/2019,14.82,"318,260",14.55,14.82,14.55,0,0,0
19/07/2019,14.55,"112,250",14.73,14.73,14.55,0,0,0
18/07/2019,14.73,"156,330",14.64,14.82,14.59,0,0,0
17/07/2019,14.64,"251,790",14.73,14.82,14.45,0,0,0
16/07/2019,14.73,"114,810",14.55,14.73,14.55,0,0,0
15/07/2019,14.55,"89,500",14.64,14.64,14.50,0,0,0
12/07/2019,14.64,"97,980",14.73,14.73,14.59,0,0,0
11/07/2019,14.73,"124,440",14.59,14.73,14.59,0,0,0
10/07/2019,14.59,"129,920",14.55,14.64,14.55,0,0,0
09/07/2019,14.55,"185,690",14.95,14.95,14.32,0,0,0
08/07/2019,14.95,"229,830",15.45,15.45,14.95,0,0,0
05/07/2019,15.45,"186,940",15.68,16.09,15.36,0,0,0
04/07/2019,15.68,"396,950",15.50,16,15.45,0,0,0
03/07/2019,15.50,"1,160,650",14.50,15.50,14.50,0,0,0
02/07/2019,14.50,"348,580",14.64,14.64,14.45,0,0,0
01/07/2019,14.64,"209,630",14.82,14.86,14.55,0,0,0
28/06/2019,14.82,"323,420",14.41,14.82,14.41,0,0,0
27/06/2019,14.41,"160,860",14.59,14.64,14.41,0,0,0
26/06/2019,14.59,"96,110",14.50,14.59,14.45,0,0,0
25/06/2019,14.50,"283,790",14.36,14.50,14.09,0,0,0
24/06/2019,14.36,"139,490",14.50,14.55,14.32,0,0,0
21/06/2019,14.50,"83,670",14.50,14.55,14.36,0,0,0
20/06/2019,14.50,"219,230",14.36,14.55,14.36,0,0,0
19/06/2019,14.36,"164,300",14.68,14.68,14.32,0,0,0
18/06/2019,14.68,"745,780",14.41,14.86,14.41,0,0,0
17/06/2019,14.41,"153,050",14.55,14.55,14.14,0,0,0
14/06/2019,14.55,"221,960",15.05,15.05,14.45,0,0,0
13/06/2019,15.05,"361,680",15.55,15.68,15.05,0,0,0
12/06/2019,15.55,"722,540",15.09,15.64,15.09,0,0,0
11/06/2019,15.09,"838,740",14.14,15.09,14.14,0,0,0
10/06/2019,14.14,"845,940",13.23,14.14,13.23,0,0,0
07/06/2019,13.23,"123,440",13.41,13.45,13.23,0,0,0
06/06/2019,13.41,"125,220",13.32,13.45,13.27,0,0,0
05/06/2019,13.32,"104,530",13.82,13.82,13.27,0,0,0
04/06/2019,13.82,"513,850",14.23,14.59,13.77,0,0,0
03/06/2019,14.23,"297,990",13.95,14.23,13.91,0,0,0
31/05/2019,13.95,"472,710",13.41,14,13.41,0,0,0
30/05/2019,13.41,"621,820",12.55,13.41,12.50,0,0,0
29/05/2019,12.55,"398,400",12.09,12.55,12.09,0,0,0
28/05/2019,12.09,"261,020",11.91,12.09,11.91,0,0,0
27/05/2019,11.91,"167,710",11.73,11.91,11.68,0,0,0
24/05/2019,11.73,"174,740",11.50,11.77,11.50,0,0,0
23/05/2019,11.50,"118,390",11.36,11.50,11.36,0,0,0
22/05/2019,11.36,"307,120",11.50,11.59,11.36,0,0,0
21/05/2019,11.50,"675,150",11.86,11.86,11.27,0,0,0
20/05/2019,11.86,"218,240",11.95,12,11.82,0,0,0
17/05/2019,11.95,"244,630",11.77,12,11.77,0,0,0
16/05/2019,11.77,"120,800",11.68,11.77,11.59,0,0,0
15/05/2019,11.68,"294,780",11.45,11.68,11.45,0,0,0
14/05/2019,11.45,"201,590",11.32,11.45,11.32,0,0,0
13/05/2019,11.32,"96,000",11.23,11.32,11.23,0,0,0
10/05/2019,11.23,"101,890",11.27,11.32,11.18,0,0,0
09/05/2019,11.27,"375,140",11.23,11.50,11.14,0,0,0
08/05/2019,11.23,"298,190",10.86,11.27,10.82,0,0,0
07/05/2019,10.86,"413,840",10.45,10.86,10.50,0,0,0
06/05/2019,10.45,"134,270",10.64,10.64,10.36,0,0,0
03/05/2019,10.64,"154,500",10.45,10.68,10.45,0,0,0
02/05/2019,10.45,"320,480",10.91,10.91,10.36,0,0,0
26/04/2019,10.91,"618,340",11.36,11.36,10.59,0,0,0
25/04/2019,11.36,"731,160",11.36,11.82,11.32,0,0,0
24/04/2019,11.36,"1,061,800",10.73,11.36,10.73,0,0,0
23/04/2019,10.73,"232,690",10.55,10.73,10.55,0,0,0
22/04/2019,10.55,"182,250",10.55,10.59,10.45,0,0,0
19/04/2019,10.55,"262,250",10.50,10.55,10.50,0,0,0
18/04/2019,10.50,"162,490",10.50,10.55,10.32,0,0,0
17/04/2019,10.50,"239,460",10.27,10.50,10.27,0,0,0
16/04/2019,10.27,"113,230",10.50,10.50,10.18,0,0,0
12/04/2019,10.50,"171,320",10.45,10.50,10.23,0,0,0
11/04/2019,10.45,"649,200",10.55,10.59,10.41,0,0,0
10/04/2019,10.55,"652,690",10.45,10.68,10.45,0,0,0
09/04/2019,10.45,"1,257,040",10.91,11.55,10.18,0,0,0
08/04/2019,10.91,"777,590",10.50,10.95,10.50,0,0,0
05/04/2019,10.50,"392,050",10.50,10.59,10.45,0,0,0
04/04/2019,10.50,"178,810",10.45,10.55,10.45,0,0,0
03/04/2019,10.45,"384,970",10.59,10.64,10.36,0,0,0
02/04/2019,10.59,"204,720",10.64,10.73,10.59,0,0,0
01/04/2019,10.64,"470,640",10.55,10.64,10.45,0,0,0
29/03/2019,10.55,"209,380",10.45,10.55,10.41,0,0,0
28/03/2019,10.45,"460,940",10.55,10.64,10.45,0,0,0
27/03/2019,10.55,"286,520",10.45,10.59,10.45,0,0,0
26/03/2019,10.45,"570,220",10.64,10.68,10.41,0,0,0
25/03/2019,10.64,"465,550",11,11.09,10.59,0,0,0
22/03/2019,11,"628,620",10.77,11,10.45,0,0,0
21/03/2019,10.77,"883,230",11.36,11.36,10.59,0,0,0
20/03/2019,11.36,"748,440",12.18,12.18,11.36,0,0,0
19/03/2019,12.18,"374,120",13.09,13.09,12.18,0,0,0
18/03/2019,13.09,"1,760,950",13.14,13.64,13.05,0,0,0
15/03/2019,13.14,"685,010",12.36,13.23,12.36,0,0,0
14/03/2019,12.36,"1,230,520",11.59,12.36,11.64,0,0,0
13/03/2019,11.59,"636,930",10.86,11.59,10.82,0,0,0
12/03/2019,10.86,"537,850",10.64,10.91,10.64,0,0,0
11/03/2019,10.64,"391,570",10.50,10.64,10.50,0,0,0
08/03/2019,10.50,"431,540",10.45,10.55,10.36,0,0,0
07/03/2019,10.45,"514,930",10.91,10.91,10.32,0,0,0
06/03/2019,10.91,"633,550",10.55,11.27,10.45,0,0,0
05/03/2019,10.55,"750,950",11.18,11.18,10.41,0,0,0
04/03/2019,11.18,"320,760",11.36,11.50,11.09,0,0,0
01/03/2019,11.36,"929,510",10.77,11.50,10.73,0,0,0
28/02/2019,10.77,"835,910",10.18,10.86,10.14,0,0,0
27/02/2019,10.18,"409,780",9.95,10.23,10,0,0,0
26/02/2019,9.95,"152,550",10.09,10.09,9.82,0,0,0
25/02/2019,10.09,"214,570",10.36,10.41,10.05,0,0,0
22/02/2019,10.36,"376,670",10.09,10.50,10,0,0,0
21/02/2019,10.09,"532,100",9.68,10.23,9.64,0,0,0
20/02/2019,9.68,"107,840",9.73,9.73,9.59,0,0,0
19/02/2019,9.73,"152,870",9.82,9.86,9.68,0,0,0
18/02/2019,9.82,"190,070",9.82,9.91,9.77,0,0,0
15/02/2019,9.82,"299,650",9.68,10,9.64,0,0,0
14/02/2019,9.68,"260,890",9.36,9.73,9.32,0,0,0
13/02/2019,9.36,"99,360",9.32,9.41,9.32,0,0,0
12/02/2019,9.32,"128,480",9.36,9.41,9.23,0,0,0
11/02/2019,9.36,"76,310",9.32,9.41,9.32,0,0,0
01/02/2019,9.32,"81,670",9.27,9.32,9.27,0,0,0
31/01/2019,9.27,"139,410",9.14,9.27,9.09,0,0,0
30/01/2019,9.14,"96,780",9.09,9.14,9.08,0,0,0
29/01/2019,9.09,"110,770",9.09,9.09,9.08,0,0,0
28/01/2019,9.09,"102,380",9.09,9.14,9.09,0,0,0
25/01/2019,9.09,"103,540",9.14,9.14,9.09,0,0,0
24/01/2019,9.14,"100,150",9.09,9.14,9.09,0,0,0
23/01/2019,9.09,"78,450",9.09,9.18,9.09,0,0,0
22/01/2019,9.09,"87,150",9.18,9.18,9.09,0,0,0
21/01/2019,9.18,"92,260",9.09,9.18,9.09,0,0,0
18/01/2019,9.09,"102,170",9.14,9.18,9.09,0,0,0
17/01/2019,9.14,"100,000",9.09,9.23,9.09,0,0,0
16/01/2019,9.09,"91,230",9.18,9.18,9.08,0,0,0
15/01/2019,9.18,"104,620",9.09,9.23,9.08,0,0,0
14/01/2019,9.09,"101,230",9.14,9.14,9.09,0,0,0
11/01/2019,9.14,"85,630",9.09,9.14,9.09,0,0,0
10/01/2019,9.09,"87,630",9.18,9.18,9.08,0,0,0
09/01/2019,9.18,"114,450",9.09,9.18,9.08,0,0,0
08/01/2019,9.09,"92,780",9.18,9.23,9.08,0,0,0
07/01/2019,9.18,"76,060",9.09,9.18,9.09,0,0,0
04/01/2019,9.09,"51,310",9.09,9.09,9.07,0,0,0
03/01/2019,9.09,"90,670",9.09,9.18,9.08,0,0,0
02/01/2019,9.09,"106,500",9.09,9.14,9.07,0,0,0
28/12/2018,9.09,"110,500",9.18,9.27,9.09,0,0,0
27/12/2018,9.18,"90,250",9.14,9.18,9.04,0,0,0
26/12/2018,9.14,"781,560",9.50,9.50,8.84,0,0,0
25/12/2018,9.50,"60,350",10.18,10.18,9.50,0,0,0
24/12/2018,10.18,"467,700",10.36,10.45,10.09,0,0,0
21/12/2018,10.36,"1,391,230",9.86,10.55,9.86,0,0,0
20/12/2018,9.86,"1,282,430",9.23,9.86,9.23,0,0,0
19/12/2018,9.23,"225,700",9.09,9.27,9.05,0,0,0
18/12/2018,9.09,"684,480",9.09,9.09,9.06,0,0,0
17/12/2018,9.09,"55,570",9.09,9.09,9.06,0,0,0
14/12/2018,9.09,"6,330",9.09,9.09,9.07,0,0,0
13/12/2018,9.09,"668,370",9.09,9.09,9.08,0,0,0
12/12/2018,9.09,"2,150",9.09,9.09,9.09,0,0,0
11/12/2018,9.09,"13,940",9.09,9.09,9.07,0,0,0
10/12/2018,9.09,"15,550",9.09,9.14,9.08,0,0,0
07/12/2018,9.09,"11,780",9.09,9.09,9.09,0,0,0
06/12/2018,9.09,"23,220",9.14,9.14,9.09,0,0,0
05/12/2018,9.14,"5,820",9.09,9.14,9.08,0,0,0
04/12/2018,9.09,"6,870",9.09,9.09,9.08,0,0,0
03/12/2018,9.09,"17,710",9.09,9.09,9.09,0,0,0
30/11/2018,9.09,"25,470",9.09,9.14,9.09,0,0,0
29/11/2018,9.09,"11,050",9.09,9.09,9.08,0,0,0
28/11/2018,9.09,"8,350",9.09,9.09,9.08,0,0,0
27/11/2018,9.09,"9,750",9.09,9.14,9.09,0,0,0
26/11/2018,9.09,"45,590",9.09,9.09,9.07,0,0,0
23/11/2018,9.09,"75,710",9.09,9.14,9.07,0,0,0
22/11/2018,9.09,"32,760",9.23,9.23,9.09,0,0,0
21/11/2018,9.23,"84,850",9.27,9.36,9.23,0,0,0
20/11/2018,9.27,"301,770",9.09,9.45,9.09,0,0,0
19/11/2018,9.09,"39,610",9.18,9.18,9.09,0,0,0
16/11/2018,9.18,"47,940",9.14,9.23,9.18,0,0,0
15/11/2018,9.14,"155,690",9.09,9.23,9.09,0,0,0
14/11/2018,9.09,"32,410",9.14,9.18,9.09,0,0,0
13/11/2018,9.14,"39,010",9.09,9.14,9.08,0,0,0
12/11/2018,9.09,"33,850",9.09,9.09,9.06,0,0,0
09/11/2018,9.09,"90,120",9.09,9.09,9.02,0,0,0
08/11/2018,9.09,"165,270",9.23,9.27,9.06,0,0,0
07/11/2018,9.23,"207,970",9.45,9.45,9.23,0,0,0
06/11/2018,9.45,"793,380",9.14,9.45,9.09,0,0,0
05/11/2018,9.14,"321,940",9.09,9.14,9.08,0,0,0
02/11/2018,9.09,"229,800",9.27,9.45,9.08,0,0,0
01/11/2018,9.27,"1,163,560",9.36,9.36,9.08,0,0,0
31/10/2018,9.36,"179,800",9.36,9.55,9.36,0,0,0
30/10/2018,9.36,"115,890",9.27,9.41,9.27,0,0,0
29/10/2018,9.27,"94,320",9.36,9.45,9.27,0,0,0
26/10/2018,9.36,"82,070",9.50,9.59,9.36,0,0,0
25/10/2018,9.50,"91,920",9.95,9.95,9.36,0,0,0
24/10/2018,9.95,"575,080",10.36,10.45,9.91,0,0,0
23/10/2018,10.36,"993,560",10.36,10.68,10.09,0,0,0
22/10/2018,10.36,"824,550",9.73,10.36,9.09,0,0,0
19/10/2018,9.73,"259,660",10.18,10.18,9.50,0,0,0
18/10/2018,10.18,"701,130",10.91,10.91,10.18,0,0,0
17/10/2018,10.91,"238,130",11.73,11.73,10.91,0,0,0
16/10/2018,11.73,"655,990",12.45,12.68,11.73,0,0,0
15/10/2018,12.45,"1,315,750",12.18,13,12.14,0,0,0
12/10/2018,12.18,"2,467,050",12.18,12.18,10.45,0,0,0
30/11/-0001,0.91,0,0.91,0.91,0.91,0,0,0
